fit_index,output,epoch,mse,rmse,mse_scaled,rmse_scaled
1,f0_failure_rate,1,0.7984056373437246,0.8935354706690298,0.7984056373437246,0.8935354706690298
1,f0_failure_rate,2,0.28515928486982983,0.5340030757119568,0.28515928486982983,0.5340030757119568
1,f0_failure_rate,3,0.1757278194030126,0.41919902123336666,0.1757278194030126,0.41919902123336666
1,f0_failure_rate,4,0.11527663469314575,0.3395241297656851,0.11527663469314575,0.3395241297656851
1,f0_failure_rate,5,0.10983580350875854,0.33141485106850377,0.10983580350875854,0.33141485106850377
1,f0_failure_rate,6,0.07810354232788086,0.2794701099006491,0.07810354232788086,0.2794701099006491
1,f0_failure_rate,7,0.0923996369043986,0.3039730858224106,0.0923996369043986,0.3039730858224106
1,f0_failure_rate,8,0.05348650614420573,0.23127149877191033,0.05348650614420573,0.23127149877191033
1,f0_failure_rate,9,0.05149232347806295,0.22691920032924262,0.05149232347806295,0.22691920032924262
1,f0_failure_rate,10,0.03910015895962715,0.19773760127913748,0.03910015895962715,0.19773760127913748
1,f1_mass,1,0.6979904472827911,0.8354582259351997,0.6979904472827911,0.8354582259351997
1,f1_mass,2,0.2514272630214691,0.5014252317359679,0.2514272630214691,0.5014252317359679
1,f1_mass,3,0.18180940300226212,0.42639113851282384,0.18180940300226212,0.42639113851282384
1,f1_mass,4,0.1742206166187922,0.4173974324535217,0.1742206166187922,0.4173974324535217
1,f1_mass,5,0.08435537914435069,0.29043997511422337,0.08435537914435069,0.29043997511422337
1,f1_mass,6,0.07753656804561615,0.2784538885446137,0.07753656804561615,0.2784538885446137
1,f1_mass,7,0.021624726243317127,0.1470534808949354,0.021624726243317127,0.1470534808949354
1,f1_mass,8,0.04261847399175167,0.20644242294584625,0.04261847399175167,0.20644242294584625
1,f1_mass,9,0.021253562532365322,0.14578601624423834,0.021253562532365322,0.14578601624423834
1,f1_mass,10,0.012930377386510372,0.11371181726852479,0.012930377386510372,0.11371181726852479
2,f0_failure_rate,1,0.9625098258256912,0.9810758512091159,0.9625098258256912,0.9810758512091159
2,f0_failure_rate,2,0.2950701117515564,0.5432035638244253,0.2950701117515564,0.5432035638244253
2,f0_failure_rate,3,0.16583597660064697,0.4072296362013047,0.16583597660064697,0.4072296362013047
2,f0_failure_rate,4,0.0826173797249794,0.2874323915723129,0.0826173797249794,0.2874323915723129
2,f0_failure_rate,5,0.09310003370046616,0.30512298127225057,0.09310003370046616,0.30512298127225057
2,f0_failure_rate,6,0.0344378836452961,0.185574469271223,0.0344378836452961,0.185574469271223
2,f0_failure_rate,7,0.05152641562744975,0.22699430747807256,0.05152641562744975,0.22699430747807256
2,f0_failure_rate,8,0.050972101744264364,0.22577001958688928,0.050972101744264364,0.22577001958688928
2,f0_failure_rate,9,0.02628168649971485,0.1621162746293994,0.02628168649971485,0.1621162746293994
2,f0_failure_rate,10,0.025784683879464865,0.16057609996342814,0.025784683879464865,0.16057609996342814
2,f1_mass,1,0.635369099676609,0.7971004326159966,0.635369099676609,0.7971004326159966
2,f1_mass,2,0.4093342423439026,0.6397923431426032,0.4093342423439026,0.6397923431426032
2,f1_mass,3,0.09153135400265455,0.3025414913737528,0.09153135400265455,0.3025414913737528
2,f1_mass,4,0.09776273532770574,0.31267033010457795,0.09776273532770574,0.31267033010457795
2,f1_mass,5,0.09060315880924463,0.30100358604050653,0.09060315880924463,0.30100358604050653
2,f1_mass,6,0.01919377758167684,0.13854160956794476,0.01919377758167684,0.13854160956794476
2,f1_mass,7,0.054918558336794376,0.23434708945663135,0.054918558336794376,0.23434708945663135
2,f1_mass,8,0.026432571234181523,0.16258096824100146,0.026432571234181523,0.16258096824100146
2,f1_mass,9,0.021820843685418367,0.1477187993635826,0.021820843685418367,0.1477187993635826
2,f1_mass,10,0.01740879926364869,0.1319424088898209,0.01740879926364869,0.1319424088898209
3,f0_failure_rate,1,0.5636776804924011,0.7507847098152712,0.5636776804924011,0.7507847098152712
3,f0_failure_rate,2,0.1519131913781166,0.38976042818392503,0.1519131913781166,0.38976042818392503
3,f0_failure_rate,3,0.1367271438241005,0.3697663367913587,0.1367271438241005,0.3697663367913587
3,f0_failure_rate,4,0.09682665020227432,0.3111698092718417,0.09682665020227432,0.3111698092718417
3,f0_failure_rate,5,0.055715224146842955,0.2360407256107364,0.055715224146842955,0.2360407256107364
3,f0_failure_rate,6,0.03851575497537851,0.19625431199180954,0.03851575497537851,0.19625431199180954
3,f0_failure_rate,7,0.030119093134999275,0.17354853250603786,0.030119093134999275,0.17354853250603786
3,f0_failure_rate,8,0.035454698652029035,0.18829418114224622,0.035454698652029035,0.18829418114224622
3,f0_failure_rate,9,0.022603577747941018,0.15034486272547198,0.022603577747941018,0.15034486272547198
3,f0_failure_rate,10,0.02088135378435254,0.14450381927254566,0.02088135378435254,0.14450381927254566
3,f1_mass,1,0.47547084987163546,0.6895439433942085,0.47547084987163546,0.6895439433942085
3,f1_mass,2,0.13932200968265535,0.3732586364475112,0.13932200968265535,0.3732586364475112
3,f1_mass,3,0.06011392287909985,0.24518140810244943,0.06011392287909985,0.24518140810244943
3,f1_mass,4,0.0467773761600256,0.21628078083830196,0.0467773761600256,0.21628078083830196
3,f1_mass,5,0.030214140936732293,0.17382215318172853,0.030214140936732293,0.17382215318172853
3,f1_mass,6,0.024460477381944658,0.15639845709579317,0.024460477381944658,0.15639845709579317
3,f1_mass,7,0.01495369579643011,0.12228530490794923,0.01495369579643011,0.12228530490794923
3,f1_mass,8,0.005337588442489505,0.07305880126644226,0.005337588442489505,0.07305880126644226
3,f1_mass,9,0.006165136210620403,0.07851838135507126,0.006165136210620403,0.07851838135507126
3,f1_mass,10,0.0032548817340284585,0.05705157082875509,0.0032548817340284585,0.05705157082875509
4,f0_failure_rate,1,0.5430264522631963,0.7369032855559787,0.5430264522631963,0.7369032855559787
4,f0_failure_rate,2,0.19564262653390566,0.4423150760870645,0.19564262653390566,0.4423150760870645
4,f0_failure_rate,3,0.11582212274273236,0.34032649432968387,0.11582212274273236,0.34032649432968387
4,f0_failure_rate,4,0.07965877900520961,0.2822388687002724,0.07965877900520961,0.2822388687002724
4,f0_failure_rate,5,0.048441710571448006,0.22009477633839475,0.048441710571448006,0.22009477633839475
4,f0_failure_rate,6,0.027399609796702862,0.1655282749161087,0.027399609796702862,0.1655282749161087
4,f0_failure_rate,7,0.02068168173233668,0.14381127122842868,0.02068168173233668,0.14381127122842868
4,f0_failure_rate,8,0.022045041046415765,0.14847572544498905,0.022045041046415765,0.14847572544498905
4,f0_failure_rate,9,0.016076269714782637,0.12679223049849164,0.016076269714782637,0.12679223049849164
4,f0_failure_rate,10,0.015461393787215153,0.12434385303349399,0.015461393787215153,0.12434385303349399
4,f1_mass,1,0.5127020875612894,0.7160321833278791,0.5127020875612894,0.7160321833278791
4,f1_mass,2,0.09833038846651714,0.3135767664647959,0.09833038846651714,0.3135767664647959
4,f1_mass,3,0.0369421949920555,0.19220352492099488,0.0369421949920555,0.19220352492099488
4,f1_mass,4,0.02945894522902866,0.17163608370336542,0.02945894522902866,0.17163608370336542
4,f1_mass,5,0.01675449451431632,0.12943915371446277,0.01675449451431632,0.12943915371446277
4,f1_mass,6,0.0102133733065178,0.10106123542940587,0.0102133733065178,0.10106123542940587
4,f1_mass,7,0.007567384707120557,0.08699071621225196,0.007567384707120557,0.08699071621225196
4,f1_mass,8,0.006142622762126848,0.0783748860421937,0.006142622762126848,0.0783748860421937
4,f1_mass,9,0.003928591691267987,0.06267847869299308,0.003928591691267987,0.06267847869299308
4,f1_mass,10,0.0017040921957232058,0.041280651590342006,0.0017040921957232058,0.041280651590342006
5,f0_failure_rate,1,0.5508651328938348,0.7422028920004521,0.5508651328938348,0.7422028920004521
5,f0_failure_rate,2,0.14837130957416125,0.38518996556784973,0.14837130957416125,0.38518996556784973
5,f0_failure_rate,3,0.12275079424892153,0.3503580943105518,0.12275079424892153,0.3503580943105518
5,f0_failure_rate,4,0.04780674087149756,0.21864752656158168,0.04780674087149756,0.21864752656158168
5,f0_failure_rate,5,0.041484814802450795,0.20367821386307078,0.041484814802450795,0.20367821386307078
5,f0_failure_rate,6,0.03351672552525997,0.18307573712881772,0.03351672552525997,0.18307573712881772
5,f0_failure_rate,7,0.026373842331979955,0.16240025348496212,0.026373842331979955,0.16240025348496212
5,f0_failure_rate,8,0.01962606023464884,0.14009304134984307,0.01962606023464884,0.14009304134984307
5,f0_failure_rate,9,0.015055113338998385,0.12269928010790604,0.015055113338998385,0.12269928010790604
5,f0_failure_rate,10,0.01300654633502875,0.11404624647496624,0.01300654633502875,0.11404624647496624
5,f1_mass,1,0.42793201974460054,0.6541651318624377,0.42793201974460054,0.6541651318624377
5,f1_mass,2,0.0950779217694487,0.3083470800404127,0.0950779217694487,0.3083470800404127
5,f1_mass,3,0.04576437175273895,0.21392608946255,0.04576437175273895,0.21392608946255
5,f1_mass,4,0.0235049430547016,0.15331321878657952,0.0235049430547016,0.15331321878657952
5,f1_mass,5,0.033488370079014985,0.1829982788963191,0.033488370079014985,0.1829982788963191
5,f1_mass,6,0.01899262810392039,0.13781374424896956,0.01899262810392039,0.13781374424896956
5,f1_mass,7,0.013059078117034264,0.11427632351906612,0.013059078117034264,0.11427632351906612
5,f1_mass,8,0.005353714996350131,0.07316908497685433,0.005353714996350131,0.07316908497685433
5,f1_mass,9,0.003672571445349604,0.060601744573482406,0.003672571445349604,0.060601744573482406
5,f1_mass,10,0.002089410837340568,0.04571007369651211,0.002089410837340568,0.04571007369651211
6,f0_failure_rate,1,0.4830496031790972,0.6950176999034609,0.4830496031790972,0.6950176999034609
6,f0_failure_rate,2,0.09074256662279367,0.3012350687134446,0.09074256662279367,0.3012350687134446
6,f0_failure_rate,3,0.046187605476006866,0.21491301839583116,0.046187605476006866,0.21491301839583116
6,f0_failure_rate,4,0.040387062821537256,0.20096532741131554,0.040387062821537256,0.20096532741131554
6,f0_failure_rate,5,0.024401870206929743,0.15621097978992943,0.024401870206929743,0.15621097978992943
6,f0_failure_rate,6,0.01860672270413488,0.13640646137238105,0.01860672270413488,0.13640646137238105
6,f0_failure_rate,7,0.014243024575989693,0.11934414345073534,0.014243024575989693,0.11934414345073534
6,f0_failure_rate,8,0.011640652606729418,0.10789185607231631,0.011640652606729418,0.10789185607231631
6,f0_failure_rate,9,0.013740000009420328,0.11721774613692386,0.013740000009420328,0.11721774613692386
6,f0_failure_rate,10,0.013081230339594185,0.11437320638853396,0.013081230339594185,0.11437320638853396
6,f1_mass,1,0.3560462463647127,0.5966961088902061,0.3560462463647127,0.5966961088902061
6,f1_mass,2,0.10108177689835429,0.3179336045440216,0.10108177689835429,0.3179336045440216
6,f1_mass,3,0.05461187579203397,0.2336918393783445,0.05461187579203397,0.2336918393783445
6,f1_mass,4,0.06408665073104203,0.2531534134295685,0.06408665073104203,0.2531534134295685
6,f1_mass,5,0.013727366575039923,0.11716384499938504,0.013727366575039923,0.11716384499938504
6,f1_mass,6,0.01580362976528704,0.125712488501688,0.01580362976528704,0.125712488501688
6,f1_mass,7,0.00543549403664656,0.07372580305867518,0.00543549403664656,0.07372580305867518
6,f1_mass,8,0.004904467292362824,0.0700319019616262,0.004904467292362824,0.0700319019616262
6,f1_mass,9,0.0026164508890360594,0.05115125500939405,0.0026164508890360594,0.05115125500939405
6,f1_mass,10,0.0016024911892600358,0.040031127754037055,0.0016024911892600358,0.040031127754037055
7,f0_failure_rate,1,0.3351633946100871,0.5789329793767903,0.3351633946100871,0.5789329793767903
7,f0_failure_rate,2,0.06903430716031128,0.26274380517970597,0.06903430716031128,0.26274380517970597
7,f0_failure_rate,3,0.026732817783744797,0.16350173633250747,0.026732817783744797,0.16350173633250747
7,f0_failure_rate,4,0.017457887944247987,0.1321283010722835,0.017457887944247987,0.1321283010722835
7,f0_failure_rate,5,0.015942636877298355,0.12626415515615805,0.015942636877298355,0.12626415515615805
7,f0_failure_rate,6,0.010739874094724655,0.1036333638107181,0.010739874094724655,0.1036333638107181
7,f0_failure_rate,7,0.008909920256377922,0.09439237393125528,0.008909920256377922,0.09439237393125528
7,f0_failure_rate,8,0.01043715038233333,0.10216237263461206,0.01043715038233333,0.10216237263461206
7,f0_failure_rate,9,0.01121416703487436,0.1058969642382366,0.01121416703487436,0.1058969642382366
7,f0_failure_rate,10,0.007430501928966906,0.08620035921599692,0.007430501928966906,0.08620035921599692
7,f1_mass,1,0.5545382549365362,0.7446732538076927,0.5545382549365362,0.7446732538076927
7,f1_mass,2,0.14863205576936403,0.3855282814131332,0.14863205576936403,0.3855282814131332
7,f1_mass,3,0.05831671133637428,0.24148853251526103,0.05831671133637428,0.24148853251526103
7,f1_mass,4,0.019713672395381663,0.14040538592013366,0.019713672395381663,0.14040538592013366
7,f1_mass,5,0.010673963878717687,0.10331487733486251,0.010673963878717687,0.10331487733486251
7,f1_mass,6,0.006731377629977133,0.08204497321577436,0.006731377629977133,0.08204497321577436
7,f1_mass,7,0.002958090225648549,0.054388328027698635,0.002958090225648549,0.054388328027698635
7,f1_mass,8,0.0017446822150506908,0.041769393280854474,0.0017446822150506908,0.041769393280854474
7,f1_mass,9,0.0014408689716623889,0.03795877990218322,0.0014408689716623889,0.03795877990218322
7,f1_mass,10,0.0010144368473750849,0.03185022523272143,0.0010144368473750849,0.03185022523272143
8,f0_failure_rate,1,0.4374311313033104,0.6613857658759451,0.4374311313033104,0.6613857658759451
8,f0_failure_rate,2,0.09283147603273392,0.3046825824242894,0.09283147603273392,0.3046825824242894
8,f0_failure_rate,3,0.04295890862122178,0.20726530973904383,0.04295890862122178,0.20726530973904383
8,f0_failure_rate,4,0.03599865566939116,0.18973311695481934,0.03599865566939116,0.18973311695481934
8,f0_failure_rate,5,0.02138408608734608,0.14623298563370057,0.02138408608734608,0.14623298563370057
8,f0_failure_rate,6,0.01721818381920457,0.13121807733389698,0.01721818381920457,0.13121807733389698
8,f0_failure_rate,7,0.011272067297250032,0.10616999245196372,0.011272067297250032,0.10616999245196372
8,f0_failure_rate,8,0.008874245663173496,0.09420321471782954,0.008874245663173496,0.09420321471782954
8,f0_failure_rate,9,0.006789058778667823,0.08239574490632282,0.006789058778667823,0.08239574490632282
8,f0_failure_rate,10,0.007189272134564817,0.08478957562439393,0.007189272134564817,0.08478957562439393
8,f1_mass,1,0.3514077469706535,0.5927965477047361,0.3514077469706535,0.5927965477047361
8,f1_mass,2,0.08327945601195097,0.28858180124871174,0.08327945601195097,0.28858180124871174
8,f1_mass,3,0.03000608682632446,0.17322265101979148,0.03000608682632446,0.17322265101979148
8,f1_mass,4,0.0237755895126611,0.15419335106502194,0.0237755895126611,0.15419335106502194
8,f1_mass,5,0.008314986084587871,0.09118654552393061,0.008314986084587871,0.09118654552393061
8,f1_mass,6,0.004251585382735357,0.06520418224880485,0.004251585382735357,0.06520418224880485
8,f1_mass,7,0.002257078664842993,0.04750872198705195,0.002257078664842993,0.04750872198705195
8,f1_mass,8,0.0016791850328445434,0.040977860276551085,0.0016791850328445434,0.040977860276551085
8,f1_mass,9,0.0012519723153673113,0.03538322081675595,0.0012519723153673113,0.03538322081675595
8,f1_mass,10,0.0008710629190318286,0.029513775072528906,0.0008710629190318286,0.029513775072528906
9,f0_failure_rate,1,0.4473581842400811,0.6688484015381072,0.4473581842400811,0.6688484015381072
9,f0_failure_rate,2,0.07483278181065213,0.2735558111440006,0.07483278181065213,0.2735558111440006
9,f0_failure_rate,3,0.04009654466062784,0.20024121618844568,0.04009654466062784,0.20024121618844568
9,f0_failure_rate,4,0.01997849451039325,0.14134530239945456,0.01997849451039325,0.14134530239945456
9,f0_failure_rate,5,0.01496689938093451,0.1223392797957161,0.01496689938093451,0.1223392797957161
9,f0_failure_rate,6,0.012663457489741797,0.11253202872845489,0.012663457489741797,0.11253202872845489
9,f0_failure_rate,7,0.009633573396554724,0.09815076870078361,0.009633573396554724,0.09815076870078361
9,f0_failure_rate,8,0.008621224625544115,0.09285054994745112,0.008621224625544115,0.09285054994745112
9,f0_failure_rate,9,0.0071380882396955385,0.08448720755058448,0.0071380882396955385,0.08448720755058448
9,f0_failure_rate,10,0.007878321593373337,0.0887599098319356,0.007878321593373337,0.0887599098319356
9,f1_mass,1,0.30489203570918605,0.5521702959315957,0.30489203570918605,0.5521702959315957
9,f1_mass,2,0.09471004659479315,0.307749974158883,0.09471004659479315,0.307749974158883
9,f1_mass,3,0.03991590558805249,0.19978965335585447,0.03991590558805249,0.19978965335585447
9,f1_mass,4,0.0240516575391997,0.15508596822149867,0.0240516575391997,0.15508596822149867
9,f1_mass,5,0.01674432250332426,0.12939985511322746,0.01674432250332426,0.12939985511322746
9,f1_mass,6,0.009996708101508293,0.09998353915274401,0.009996708101508293,0.09998353915274401
9,f1_mass,7,0.005247296892445196,0.0724382281150305,0.005247296892445196,0.0724382281150305
9,f1_mass,8,0.0018974539919079027,0.04355977492949088,0.0018974539919079027,0.04355977492949088
9,f1_mass,9,0.0013916686981577766,0.03730507603742119,0.0013916686981577766,0.03730507603742119
9,f1_mass,10,0.0008927632535977119,0.029879144124250145,0.0008927632535977119,0.029879144124250145
10,f0_failure_rate,1,0.37600498522321385,0.6131924536580777,0.37600498522321385,0.6131924536580777
10,f0_failure_rate,2,0.06980530188108484,0.264206930039855,0.06980530188108484,0.264206930039855
10,f0_failure_rate,3,0.034233196172863245,0.18502215049248358,0.034233196172863245,0.18502215049248358
10,f0_failure_rate,4,0.01836669243251284,0.13552377072865424,0.01836669243251284,0.13552377072865424
10,f0_failure_rate,5,0.016156524827238172,0.12710831926840263,0.016156524827238172,0.12710831926840263
10,f0_failure_rate,6,0.010384702084896466,0.10190535846998658,0.010384702084896466,0.10190535846998658
10,f0_failure_rate,7,0.00854462581143404,0.09243714519301231,0.00854462581143404,0.09243714519301231
10,f0_failure_rate,8,0.007708179085360219,0.08779623616852957,0.007708179085360219,0.08779623616852957
10,f0_failure_rate,9,0.007423798514840503,0.08616146769200547,0.007423798514840503,0.08616146769200547
10,f0_failure_rate,10,0.007702529410986851,0.08776405534720265,0.007702529410986851,0.08776405534720265
10,f1_mass,1,0.34384231362491846,0.5863806900170899,0.34384231362491846,0.5863806900170899
10,f1_mass,2,0.146798448326687,0.3831428562908188,0.146798448326687,0.3831428562908188
10,f1_mass,3,0.040101538761518896,0.20025368601231514,0.040101538761518896,0.20025368601231514
10,f1_mass,4,0.01608785257364313,0.12683789880648105,0.01608785257364313,0.12683789880648105
10,f1_mass,5,0.004101387778064236,0.06404207818352116,0.004101387778064236,0.06404207818352116
10,f1_mass,6,0.0025268819687577584,0.0502681009066163,0.0025268819687577584,0.0502681009066163
10,f1_mass,7,0.0012912172702878404,0.03593351180009881,0.0012912172702878404,0.03593351180009881
10,f1_mass,8,0.0008194717229343951,0.02862641652275735,0.0008194717229343951,0.02862641652275735
10,f1_mass,9,0.0006432156915252563,0.02536169733131551,0.0006432156915252563,0.02536169733131551
10,f1_mass,10,0.0006753392566073065,0.025987290289818724,0.0006753392566073065,0.025987290289818724
11,f0_failure_rate,1,0.4125959947705269,0.6423363564134658,0.4125959947705269,0.6423363564134658
11,f0_failure_rate,2,0.1068606419632068,0.3268954602976413,0.1068606419632068,0.3268954602976413
11,f0_failure_rate,3,0.030781276846447818,0.1754459371044192,0.030781276846447818,0.1754459371044192
11,f0_failure_rate,4,0.015524812418824205,0.12459860520416834,0.015524812418824205,0.12459860520416834
11,f0_failure_rate,5,0.012111359383337773,0.11005162144801763,0.012111359383337773,0.11005162144801763
11,f0_failure_rate,6,0.009451212540555459,0.09721734691172897,0.009451212540555459,0.09721734691172897
11,f0_failure_rate,7,0.008831356078959428,0.0939752950458759,0.008831356078959428,0.0939752950458759
11,f0_failure_rate,8,0.00809461900140517,0.08997010059683812,0.00809461900140517,0.08997010059683812
11,f0_failure_rate,9,0.006426252012785811,0.08016390717015863,0.006426252012785811,0.08016390717015863
11,f0_failure_rate,10,0.008370023972999591,0.09148783510937174,0.008370023972999591,0.09148783510937174
11,f1_mass,1,0.273127730935812,0.5226162367701677,0.273127730935812,0.5226162367701677
11,f1_mass,2,0.06734550504300457,0.259510125126178,0.06734550504300457,0.259510125126178
11,f1_mass,3,0.025688055311687864,0.16027493662980455,0.025688055311687864,0.16027493662980455
11,f1_mass,4,0.004237922486096907,0.0650993278467367,0.004237922486096907,0.0650993278467367
11,f1_mass,5,0.0017023604013957083,0.04125967039853455,0.0017023604013957083,0.04125967039853455
11,f1_mass,6,0.001419108965469954,0.03767106270693666,0.001419108965469954,0.03767106270693666
11,f1_mass,7,0.0008448347787354857,0.029066041676421742,0.0008448347787354857,0.029066041676421742
11,f1_mass,8,0.0009271906993280237,0.030449806228086636,0.0009271906993280237,0.030449806228086636
11,f1_mass,9,0.0005756153539270879,0.02399198520187706,0.0005756153539270879,0.02399198520187706
11,f1_mass,10,0.0004395672014932363,0.020965857995637487,0.0004395672014932363,0.020965857995637487
12,f0_failure_rate,1,0.26193413351263317,0.5117950112228852,0.26193413351263317,0.5117950112228852
12,f0_failure_rate,2,0.05461030786058733,0.23368848465550743,0.05461030786058733,0.23368848465550743
12,f0_failure_rate,3,0.03597380200933133,0.18966760927826165,0.03597380200933133,0.18966760927826165
12,f0_failure_rate,4,0.020501801843887994,0.14318450280630232,0.020501801843887994,0.14318450280630232
12,f0_failure_rate,5,0.016130521361316954,0.12700598947024883,0.016130521361316954,0.12700598947024883
12,f0_failure_rate,6,0.016533097152465155,0.1285810917377246,0.016533097152465155,0.1285810917377246
12,f0_failure_rate,7,0.010483996826224029,0.10239139039110676,0.010483996826224029,0.10239139039110676
12,f0_failure_rate,8,0.00847425328434578,0.09205570750554135,0.00847425328434578,0.09205570750554135
12,f0_failure_rate,9,0.010395248836305524,0.10195709311423862,0.010395248836305524,0.10195709311423862
12,f0_failure_rate,10,0.01160304486152849,0.10771743062999828,0.01160304486152849,0.10771743062999828
12,f1_mass,1,0.2945012738928199,0.5426797157558221,0.2945012738928199,0.5426797157558221
12,f1_mass,2,0.03610207704228482,0.19000546582213054,0.03610207704228482,0.19000546582213054
12,f1_mass,3,0.007731663927968059,0.08792988074578549,0.007731663927968059,0.08792988074578549
12,f1_mass,4,0.001811724977285069,0.042564362761411914,0.001811724977285069,0.042564362761411914
12,f1_mass,5,0.0010703324223868549,0.032715935297448775,0.0010703324223868549,0.032715935297448775
12,f1_mass,6,0.0009462045958831108,0.030760438811615005,0.0009462045958831108,0.030760438811615005
12,f1_mass,7,0.0006274452711555309,0.025048857681649495,0.0006274452711555309,0.025048857681649495
12,f1_mass,8,0.0006942393260292842,0.02634842169901803,0.0006942393260292842,0.02634842169901803
12,f1_mass,9,0.0004408186396176461,0.02099568145161395,0.0004408186396176461,0.02099568145161395
12,f1_mass,10,0.000461771955347753,0.021488879806722195,0.000461771955347753,0.021488879806722195
13,f0_failure_rate,1,0.21462150886654854,0.4632726075072306,0.21462150886654854,0.4632726075072306
13,f0_failure_rate,2,0.04134247104326884,0.20332848064958545,0.04134247104326884,0.20332848064958545
13,f0_failure_rate,3,0.022739982604980467,0.1507978202925376,0.022739982604980467,0.1507978202925376
13,f0_failure_rate,4,0.017369334368656078,0.13179277054776592,0.017369334368656078,0.13179277054776592
13,f0_failure_rate,5,0.01405453357535104,0.11855181810225873,0.01405453357535104,0.11855181810225873
13,f0_failure_rate,6,0.015909003745764493,0.12613089925059795,0.015909003745764493,0.12613089925059795
13,f0_failure_rate,7,0.009485488602270683,0.09739347309892323,0.009485488602270683,0.09739347309892323
13,f0_failure_rate,8,0.010987175550932685,0.10481972882493393,0.010987175550932685,0.10481972882493393
13,f0_failure_rate,9,0.00950331361964345,0.09748494047617534,0.00950331361964345,0.09748494047617534
13,f0_failure_rate,10,0.006995938920105497,0.08364172953798539,0.006995938920105497,0.08364172953798539
13,f1_mass,1,0.13382941174010435,0.36582702434361564,0.13382941174010435,0.36582702434361564
13,f1_mass,2,0.03721346004555623,0.19290790560668122,0.03721346004555623,0.19290790560668122
13,f1_mass,3,0.009190498176030815,0.09586708598904431,0.009190498176030815,0.09586708598904431
13,f1_mass,4,0.0034921482127780717,0.05909440085810221,0.0034921482127780717,0.05909440085810221
13,f1_mass,5,0.0010016085968042414,0.03164820053027093,0.0010016085968042414,0.03164820053027093
13,f1_mass,6,0.0007144501355166237,0.02672920005381051,0.0007144501355166237,0.02672920005381051
13,f1_mass,7,0.0005691815757018048,0.023857526604864236,0.0005691815757018048,0.023857526604864236
13,f1_mass,8,0.0006807087959411243,0.026090396622917105,0.0006807087959411243,0.026090396622917105
13,f1_mass,9,0.0009891620992372432,0.03145094750937153,0.0009891620992372432,0.03145094750937153
13,f1_mass,10,0.0007361319556366652,0.027131751798154597,0.0007361319556366652,0.027131751798154597
14,f0_failure_rate,1,0.30741003388538957,0.5544456996725554,0.30741003388538957,0.5544456996725554
14,f0_failure_rate,2,0.04744850791757926,0.21782678420611928,0.04744850791757926,0.21782678420611928
14,f0_failure_rate,3,0.02035844002966769,0.1426830053989181,0.02035844002966769,0.1426830053989181
14,f0_failure_rate,4,0.01612238396774046,0.1269739499572273,0.01612238396774046,0.1269739499572273
14,f0_failure_rate,5,0.011431414808612317,0.10691779463032483,0.011431414808612317,0.10691779463032483
14,f0_failure_rate,6,0.011541915126144886,0.10743330547900351,0.011541915126144886,0.10743330547900351
14,f0_failure_rate,7,0.010169302229769528,0.100842958255743,0.010169302229769528,0.100842958255743
14,f0_failure_rate,8,0.009323296893853694,0.09655722082710176,0.009323296893853694,0.09655722082710176
14,f0_failure_rate,9,0.008853064966388047,0.09409072731352461,0.008853064966388047,0.09409072731352461
14,f0_failure_rate,10,0.008737889897020068,0.09347668103340034,0.008737889897020068,0.09347668103340034
14,f1_mass,1,0.29923657432664186,0.5470252044710937,0.29923657432664186,0.5470252044710937
14,f1_mass,2,0.02910451838397421,0.1706004641962448,0.02910451838397421,0.1706004641962448
14,f1_mass,3,0.009735024825204164,0.09866622940603417,0.009735024825204164,0.09866622940603417
14,f1_mass,4,0.002526085023419,0.05026017333256025,0.002526085023419,0.05026017333256025
14,f1_mass,5,0.0013776252053503413,0.037116373817364504,0.0013776252053503413,0.037116373817364504
14,f1_mass,6,0.0008611823468527291,0.02934590851980441,0.0008611823468527291,0.02934590851980441
14,f1_mass,7,0.0005890391439606901,0.02427012863502561,0.0005890391439606901,0.02427012863502561
14,f1_mass,8,0.000488368885271484,0.022099069782945256,0.000488368885271484,0.022099069782945256
14,f1_mass,9,0.0004256157656072901,0.02063045723214321,0.0004256157656072901,0.02063045723214321
14,f1_mass,10,0.00037710479728048085,0.01941918631870246,0.00037710479728048085,0.01941918631870246
15,f0_failure_rate,1,0.2510107946856057,0.5010097750399743,0.2510107946856057,0.5010097750399743
15,f0_failure_rate,2,0.05162893367164275,0.22722001160030503,0.05162893367164275,0.22722001160030503
15,f0_failure_rate,3,0.023124142851242247,0.15206624494358453,0.023124142851242247,0.15206624494358453
15,f0_failure_rate,4,0.014061669641010025,0.11858191110371778,0.014061669641010025,0.11858191110371778
15,f0_failure_rate,5,0.014513603000737289,0.12047241593301468,0.014513603000737289,0.12047241593301468
15,f0_failure_rate,6,0.011370625155156149,0.10663313347715216,0.011370625155156149,0.10663313347715216
15,f0_failure_rate,7,0.010350167532177532,0.10173577311927959,0.010350167532177532,0.10173577311927959
15,f0_failure_rate,8,0.01078794352874598,0.10386502553191801,0.01078794352874598,0.10386502553191801
15,f0_failure_rate,9,0.009011715321856387,0.09493005489230683,0.009011715321856387,0.09493005489230683
15,f0_failure_rate,10,0.009139713639503015,0.09560184956109906,0.009139713639503015,0.09560184956109906
15,f1_mass,1,0.18245271615245762,0.42714484212320486,0.18245271615245762,0.42714484212320486
15,f1_mass,2,0.014231249717447688,0.11929480172014072,0.014231249717447688,0.11929480172014072
15,f1_mass,3,0.004373608609004056,0.06613326401293117,0.004373608609004056,0.06613326401293117
15,f1_mass,4,0.0022819594528033014,0.04776985925040288,0.0022819594528033014,0.04776985925040288
15,f1_mass,5,0.001223579579827321,0.03497970239763799,0.001223579579827321,0.03497970239763799
15,f1_mass,6,0.0013987406650010276,0.03739974150981565,0.0013987406650010276,0.03739974150981565
15,f1_mass,7,0.0009126703080255538,0.030210433760963343,0.0009126703080255538,0.030210433760963343
15,f1_mass,8,0.0004896576506058302,0.02212820938543899,0.0004896576506058302,0.02212820938543899
15,f1_mass,9,0.0006140138430055231,0.024779302714271905,0.0006140138430055231,0.024779302714271905
15,f1_mass,10,0.0006340175100109156,0.025179704327313212,0.0006340175100109156,0.025179704327313212
16,f0_failure_rate,1,0.2875589597970247,0.5362452422138818,0.2875589597970247,0.5362452422138818
16,f0_failure_rate,2,0.04333778708759281,0.20817729724346218,0.04333778708759281,0.20817729724346218
16,f0_failure_rate,3,0.024687445153378777,0.15712238909009363,0.024687445153378777,0.15712238909009363
16,f0_failure_rate,4,0.01749167698694186,0.13225610377953018,0.01749167698694186,0.13225610377953018
16,f0_failure_rate,5,0.01341583013224105,0.11582672460292162,0.01341583013224105,0.11582672460292162
16,f0_failure_rate,6,0.010264031821861863,0.10131155818494682,0.010264031821861863,0.10131155818494682
16,f0_failure_rate,7,0.011631195640398396,0.10784802103144218,0.011631195640398396,0.10784802103144218
16,f0_failure_rate,8,0.012704432295221422,0.11271394011044696,0.012704432295221422,0.11271394011044696
16,f0_failure_rate,9,0.010905944367146326,0.10443152956433381,0.010905944367146326,0.10443152956433381
16,f0_failure_rate,10,0.01156936512173464,0.10756098326872361,0.01156936512173464,0.10756098326872361
16,f1_mass,1,0.21334933375732767,0.4618975359939991,0.21334933375732767,0.4618975359939991
16,f1_mass,2,0.0364186006029033,0.19083658088244848,0.0364186006029033,0.19083658088244848
16,f1_mass,3,0.005218184022750292,0.07223699898770915,0.005218184022750292,0.07223699898770915
16,f1_mass,4,0.0016735811271549512,0.04090942589617888,0.0016735811271549512,0.04090942589617888
16,f1_mass,5,0.000774421397687143,0.027828427869485244,0.000774421397687143,0.027828427869485244
16,f1_mass,6,0.0005604992442790212,0.023674865243101622,0.0005604992442790212,0.023674865243101622
16,f1_mass,7,0.0004809296208097496,0.02193010763333709,0.0004809296208097496,0.02193010763333709
16,f1_mass,8,0.0004110901774967917,0.02027535887467326,0.0004110901774967917,0.02027535887467326
16,f1_mass,9,0.0004352427770047345,0.020862472935985667,0.0004352427770047345,0.020862472935985667
16,f1_mass,10,0.00037870969592606544,0.019460464946297287,0.00037870969592606544,0.019460464946297287
17,f0_failure_rate,1,0.2828898884748158,0.5318739403983013,0.2828898884748158,0.5318739403983013
17,f0_failure_rate,2,0.04137770321808363,0.20341510076216965,0.04137770321808363,0.20341510076216965
17,f0_failure_rate,3,0.023554309491852398,0.15347413297312482,0.023554309491852398,0.15347413297312482
17,f0_failure_rate,4,0.017247341181102552,0.13132913302501678,0.017247341181102552,0.13132913302501678
17,f0_failure_rate,5,0.01778141441019742,0.13334697000756118,0.01778141441019742,0.13334697000756118
17,f0_failure_rate,6,0.012139187709085252,0.11017798196139396,0.012139187709085252,0.11017798196139396
17,f0_failure_rate,7,0.01143227033562174,0.10692179541899649,0.01143227033562174,0.10692179541899649
17,f0_failure_rate,8,0.009047042664238497,0.09511594327050801,0.009047042664238497,0.09511594327050801
17,f0_failure_rate,9,0.008255284304093374,0.09085859510301364,0.008255284304093374,0.09085859510301364
17,f0_failure_rate,10,0.00786761070699676,0.08869955302591305,0.00786761070699676,0.08869955302591305
17,f1_mass,1,0.19035636104251208,0.4362984770114515,0.19035636104251208,0.4362984770114515
17,f1_mass,2,0.040087419218922914,0.20021842876948892,0.040087419218922914,0.20021842876948892
17,f1_mass,3,0.005061108471923753,0.07114146801917819,0.005061108471923753,0.07114146801917819
17,f1_mass,4,0.0017366310387028773,0.041672905330716714,0.0017366310387028773,0.041672905330716714
17,f1_mass,5,0.0006795862511927752,0.026068875142452447,0.0006795862511927752,0.026068875142452447
17,f1_mass,6,0.00041889159298367113,0.020466841304502048,0.00041889159298367113,0.020466841304502048
17,f1_mass,7,0.0003620090612553452,0.019026535713454123,0.0003620090612553452,0.019026535713454123
17,f1_mass,8,0.00032643961151878004,0.01806763989896799,0.00032643961151878004,0.01806763989896799
17,f1_mass,9,0.0004275539326236436,0.02067737731492182,0.0004275539326236436,0.02067737731492182
17,f1_mass,10,0.0002803703242343066,0.016744262427300483,0.0002803703242343066,0.016744262427300483
