fit_index,output,epoch,mse,rmse,mse_scaled,rmse_scaled
1,f0_tsfc,1,0.2942699044942856,0.542466500803769,0.2942699044942856,0.542466500803769
1,f0_tsfc,2,0.06433753785677254,0.253648453290716,0.06433753785677254,0.253648453290716
1,f0_tsfc,3,0.07402972434647381,0.27208403912481494,0.07402972434647381,0.27208403912481494
1,f0_tsfc,4,0.04518799064680934,0.21257467075550027,0.04518799064680934,0.21257467075550027
1,f0_tsfc,5,0.05413784645497799,0.23267541007802692,0.05413784645497799,0.23267541007802692
1,f0_tsfc,6,0.04633232788182795,0.21524945500936338,0.04633232788182795,0.21524945500936338
1,f0_tsfc,7,0.02745300019159913,0.16568946916324867,0.02745300019159913,0.16568946916324867
1,f0_tsfc,8,0.028076315764337778,0.16755988709812913,0.028076315764337778,0.16755988709812913
1,f0_tsfc,9,0.021185038378462195,0.1455508102981986,0.021185038378462195,0.1455508102981986
1,f0_tsfc,10,0.022598030045628548,0.15032641167016708,0.022598030045628548,0.15032641167016708
1,g0_jet_mach,1,0.2598556000739336,0.5097603359167263,0.2598556000739336,0.5097603359167263
1,g0_jet_mach,2,0.14025039412081242,0.37450019241759064,0.14025039412081242,0.37450019241759064
1,g0_jet_mach,3,0.10549412574619055,0.32479859258652977,0.10549412574619055,0.32479859258652977
1,g0_jet_mach,4,0.0652770223096013,0.2554936835023545,0.0652770223096013,0.2554936835023545
1,g0_jet_mach,5,0.020365635049529374,0.1427082164751889,0.020365635049529374,0.1427082164751889
1,g0_jet_mach,6,0.029549929255153984,0.17190092860468784,0.029549929255153984,0.17190092860468784
1,g0_jet_mach,7,0.0230507031083107,0.15182458005313468,0.0230507031083107,0.15182458005313468
1,g0_jet_mach,8,0.008276287117041647,0.0909741013533063,0.008276287117041647,0.0909741013533063
1,g0_jet_mach,9,0.015543625340797007,0.1246740764585686,0.015543625340797007,0.1246740764585686
1,g0_jet_mach,10,0.009299509809352458,0.09643396605632508,0.009299509809352458,0.09643396605632508
1,g1_pr,1,0.3871506042778492,0.6222142752122047,0.3871506042778492,0.6222142752122047
1,g1_pr,2,0.24054411984980106,0.4904529741471664,0.24054411984980106,0.4904529741471664
1,g1_pr,3,0.17293157614767551,0.41585042521040605,0.17293157614767551,0.41585042521040605
1,g1_pr,4,0.11728391447104514,0.34246739183613545,0.11728391447104514,0.34246739183613545
1,g1_pr,5,0.04867689125239849,0.22062840082908294,0.04867689125239849,0.22062840082908294
1,g1_pr,6,0.09407124994322658,0.3067103681704069,0.09407124994322658,0.3067103681704069
1,g1_pr,7,0.07286393875256181,0.26993321165162654,0.07286393875256181,0.26993321165162654
1,g1_pr,8,0.037667103577405214,0.19408014730364673,0.037667103577405214,0.19408014730364673
1,g1_pr,9,0.06016527861356735,0.24528611581899076,0.06016527861356735,0.24528611581899076
1,g1_pr,10,0.03773488476872444,0.19425469046775792,0.03773488476872444,0.19425469046775792
1,g2_pr,1,0.3547245040535927,0.5955875284570629,0.3547245040535927,0.5955875284570629
1,g2_pr,2,0.17503434792160988,0.41837106487137693,0.17503434792160988,0.41837106487137693
1,g2_pr,3,0.15111393108963966,0.3887337534735563,0.15111393108963966,0.3887337534735563
1,g2_pr,4,0.059092460200190544,0.24308940783216068,0.059092460200190544,0.24308940783216068
1,g2_pr,5,0.07849088031798601,0.28016223927928974,0.07849088031798601,0.28016223927928974
1,g2_pr,6,0.07772130146622658,0.27878540396912205,0.07772130146622658,0.27878540396912205
1,g2_pr,7,0.04251024965196848,0.2061801388397255,0.04251024965196848,0.2061801388397255
1,g2_pr,8,0.052034154534339905,0.22810996149738816,0.052034154534339905,0.22810996149738816
1,g2_pr,9,0.05262061720713973,0.22939184206754112,0.05262061720713973,0.22939184206754112
1,g2_pr,10,0.04298303509131074,0.20732350347056827,0.04298303509131074,0.20732350347056827
1,g3_pr,1,0.3963138088583946,0.6295345970305323,0.3963138088583946,0.6295345970305323
1,g3_pr,2,0.1388907851651311,0.37268054036283016,0.1388907851651311,0.37268054036283016
1,g3_pr,3,0.1225085835903883,0.35001226205718605,0.1225085835903883,0.35001226205718605
1,g3_pr,4,0.08148052962496877,0.285447945560953,0.08148052962496877,0.285447945560953
1,g3_pr,5,0.08031383343040943,0.283396953812862,0.08031383343040943,0.283396953812862
1,g3_pr,6,0.04399368818849325,0.20974672390407734,0.04399368818849325,0.20974672390407734
1,g3_pr,7,0.03799400711432099,0.1949205148626511,0.03799400711432099,0.1949205148626511
1,g3_pr,8,0.024111531674861908,0.15527888354461436,0.024111531674861908,0.15527888354461436
1,g3_pr,9,0.021396146155893803,0.1462742156222135,0.021396146155893803,0.1462742156222135
1,g3_pr,10,0.01691622333601117,0.1300623824786059,0.01691622333601117,0.1300623824786059
1,g4_pr_perc_sum,1,0.7050447389483452,0.8396694224207198,0.7050447389483452,0.8396694224207198
1,g4_pr_perc_sum,2,0.40164035372436047,0.6337510187166254,0.40164035372436047,0.6337510187166254
1,g4_pr_perc_sum,3,0.23278095200657845,0.48247378375055616,0.23278095200657845,0.48247378375055616
1,g4_pr_perc_sum,4,0.10350879654288292,0.3217278299166594,0.10350879654288292,0.3217278299166594
1,g4_pr_perc_sum,5,0.0889841578900814,0.2983021251853252,0.0889841578900814,0.2983021251853252
1,g4_pr_perc_sum,6,0.06342718191444874,0.25184753704264956,0.06342718191444874,0.25184753704264956
1,g4_pr_perc_sum,7,0.08054988365620375,0.2838131139609369,0.08054988365620375,0.2838131139609369
1,g4_pr_perc_sum,8,0.040167082101106644,0.2004172699672028,0.040167082101106644,0.2004172699672028
1,g4_pr_perc_sum,9,0.05112685542553663,0.2261124840108052,0.05112685542553663,0.2261124840108052
1,g4_pr_perc_sum,10,0.0421569487079978,0.20532157389811184,0.0421569487079978,0.20532157389811184
2,f0_tsfc,1,0.5991681635379791,0.7740595348795718,0.5991681635379791,0.7740595348795718
2,f0_tsfc,2,0.25924343764781954,0.5091595404662663,0.25924343764781954,0.5091595404662663
2,f0_tsfc,3,0.2348064012825489,0.48456826276856896,0.2348064012825489,0.48456826276856896
2,f0_tsfc,4,0.18756369054317473,0.4330862391524057,0.18756369054317473,0.4330862391524057
2,f0_tsfc,5,0.053941217437386516,0.2322524863965648,0.053941217437386516,0.2322524863965648
2,f0_tsfc,6,0.0643334412947297,0.2536403778871371,0.0643334412947297,0.2536403778871371
2,f0_tsfc,7,0.039933262020349504,0.19983308539966424,0.039933262020349504,0.19983308539966424
2,f0_tsfc,8,0.028963550925254822,0.17018681184291226,0.028963550925254822,0.17018681184291226
2,f0_tsfc,9,0.024673384986817835,0.15707763999633378,0.024673384986817835,0.15707763999633378
2,f0_tsfc,10,0.020716571994125844,0.14393252583806707,0.020716571994125844,0.14393252583806707
2,g0_jet_mach,1,0.26333404034376146,0.5131608328231623,0.26333404034376146,0.5131608328231623
2,g0_jet_mach,2,0.1559385687112808,0.3948905781495436,0.1559385687112808,0.3948905781495436
2,g0_jet_mach,3,0.08253382481634616,0.28728700774024946,0.08253382481634616,0.28728700774024946
2,g0_jet_mach,4,0.051968839392066,0.22796675062838878,0.051968839392066,0.22796675062838878
2,g0_jet_mach,5,0.03318325877189636,0.18216272607725315,0.03318325877189636,0.18216272607725315
2,g0_jet_mach,6,0.02252752538770437,0.15009172324850018,0.02252752538770437,0.15009172324850018
2,g0_jet_mach,7,0.017195557686500253,0.13113183323091404,0.017195557686500253,0.13113183323091404
2,g0_jet_mach,8,0.009108220785856247,0.09543699904049921,0.009108220785856247,0.09543699904049921
2,g0_jet_mach,9,0.009168019285425544,0.09574977433615989,0.009168019285425544,0.09574977433615989
2,g0_jet_mach,10,0.010422646068036556,0.10209136137811346,0.010422646068036556,0.10209136137811346
2,g1_pr,1,0.2906567074358463,0.5391258734617049,0.2906567074358463,0.5391258734617049
2,g1_pr,2,0.12952495068311692,0.3598957497430567,0.12952495068311692,0.3598957497430567
2,g1_pr,3,0.09183529019355774,0.30304338005235776,0.09183529019355774,0.30304338005235776
2,g1_pr,4,0.046339343581348655,0.21526575106446602,0.046339343581348655,0.21526575106446602
2,g1_pr,5,0.0435789667069912,0.2087557585001937,0.0435789667069912,0.2087557585001937
2,g1_pr,6,0.04497576393187046,0.2120749017018998,0.04497576393187046,0.2120749017018998
2,g1_pr,7,0.04247016441076994,0.20608290664383094,0.04247016441076994,0.20608290664383094
2,g1_pr,8,0.0315076420083642,0.1775039211070116,0.0315076420083642,0.1775039211070116
2,g1_pr,9,0.03634073287248611,0.19063245492960035,0.03634073287248611,0.19063245492960035
2,g1_pr,10,0.03538702558726072,0.18811439494961762,0.03538702558726072,0.18811439494961762
2,g2_pr,1,0.46752496957778933,0.6837579758787383,0.46752496957778933,0.6837579758787383
2,g2_pr,2,0.3749739542603493,0.6123511690691456,0.3749739542603493,0.6123511690691456
2,g2_pr,3,0.16174457520246505,0.40217480677245937,0.16174457520246505,0.40217480677245937
2,g2_pr,4,0.11309958845376969,0.3363028225480269,0.11309958845376969,0.3363028225480269
2,g2_pr,5,0.06217969134449959,0.24935855979793353,0.06217969134449959,0.24935855979793353
2,g2_pr,6,0.056146837025880816,0.23695323805738722,0.056146837025880816,0.23695323805738722
2,g2_pr,7,0.0502282558940351,0.22411661226699617,0.0502282558940351,0.22411661226699617
2,g2_pr,8,0.05547968791797757,0.23554126584948457,0.05547968791797757,0.23554126584948457
2,g2_pr,9,0.04157952703535557,0.2039105858835082,0.04157952703535557,0.2039105858835082
2,g2_pr,10,0.04784967750310898,0.21874569139324546,0.04784967750310898,0.21874569139324546
2,g3_pr,1,0.25841671228408813,0.5083470392203422,0.25841671228408813,0.5083470392203422
2,g3_pr,2,0.1764463722705841,0.4200552014564087,0.1764463722705841,0.4200552014564087
2,g3_pr,3,0.11217360869050026,0.3349232877697522,0.11217360869050026,0.3349232877697522
2,g3_pr,4,0.08774566650390625,0.29621895027817896,0.08774566650390625,0.29621895027817896
2,g3_pr,5,0.06089177019894123,0.2467625786032826,0.06089177019894123,0.2467625786032826
2,g3_pr,6,0.06628572344779968,0.2574601395319277,0.06628572344779968,0.2574601395319277
2,g3_pr,7,0.04235689230263233,0.20580790145821012,0.04235689230263233,0.20580790145821012
2,g3_pr,8,0.03498408775776625,0.18704033724778793,0.03498408775776625,0.18704033724778793
2,g3_pr,9,0.023737820237874983,0.15407082864019062,0.023737820237874983,0.15407082864019062
2,g3_pr,10,0.015574172977358103,0.12479652630325133,0.015574172977358103,0.12479652630325133
2,g4_pr_perc_sum,1,0.5794152095913887,0.7611932800487592,0.5794152095913887,0.7611932800487592
2,g4_pr_perc_sum,2,0.28958466798067095,0.5381307164441285,0.28958466798067095,0.5381307164441285
2,g4_pr_perc_sum,3,0.28897892981767653,0.537567604881169,0.28897892981767653,0.537567604881169
2,g4_pr_perc_sum,4,0.20328419506549836,0.4508704859108637,0.20328419506549836,0.4508704859108637
2,g4_pr_perc_sum,5,0.0819770224392414,0.28631629789315416,0.0819770224392414,0.28631629789315416
2,g4_pr_perc_sum,6,0.048474494740366934,0.22016924113137815,0.048474494740366934,0.22016924113137815
2,g4_pr_perc_sum,7,0.04793259017169475,0.21893512777006516,0.04793259017169475,0.21893512777006516
2,g4_pr_perc_sum,8,0.0439666785299778,0.20968232765299463,0.0439666785299778,0.20968232765299463
2,g4_pr_perc_sum,9,0.03291645236313343,0.18142891821077872,0.03291645236313343,0.18142891821077872
2,g4_pr_perc_sum,10,0.030139071494340898,0.17360608138639871,0.030139071494340898,0.17360608138639871
3,f0_tsfc,1,0.6423530429601669,0.8014693025688301,0.6423530429601669,0.8014693025688301
3,f0_tsfc,2,0.29661716520786285,0.5446257111153153,0.29661716520786285,0.5446257111153153
3,f0_tsfc,3,0.08385844677686691,0.2895832294468499,0.08385844677686691,0.2895832294468499
3,f0_tsfc,4,0.12489858716726303,0.3534099420888765,0.12489858716726303,0.3534099420888765
3,f0_tsfc,5,0.06861886344850063,0.2619520250895202,0.06861886344850063,0.2619520250895202
3,f0_tsfc,6,0.05264046117663383,0.2294350914237703,0.05264046117663383,0.2294350914237703
3,f0_tsfc,7,0.03334608040750027,0.18260909179857468,0.03334608040750027,0.18260909179857468
3,f0_tsfc,8,0.040962782129645346,0.2023926434672104,0.040962782129645346,0.2023926434672104
3,f0_tsfc,9,0.03105765525251627,0.17623182247402502,0.03105765525251627,0.17623182247402502
3,f0_tsfc,10,0.019952123891562222,0.14125198721279011,0.019952123891562222,0.14125198721279011
3,g0_jet_mach,1,0.6342086041346192,0.796372151782456,0.6342086041346192,0.796372151782456
3,g0_jet_mach,2,0.2744406446814537,0.5238708282405632,0.2744406446814537,0.5238708282405632
3,g0_jet_mach,3,0.14018532820045948,0.37441331199686195,0.14018532820045948,0.37441331199686195
3,g0_jet_mach,4,0.13967685997486115,0.37373367519513295,0.13967685997486115,0.37373367519513295
3,g0_jet_mach,5,0.0672448699362576,0.25931615826295434,0.0672448699362576,0.25931615826295434
3,g0_jet_mach,6,0.05006444714963436,0.22375085955060453,0.05006444714963436,0.22375085955060453
3,g0_jet_mach,7,0.04509106408804655,0.21234656599070903,0.04509106408804655,0.21234656599070903
3,g0_jet_mach,8,0.03404036536812782,0.184500312650488,0.03404036536812782,0.184500312650488
3,g0_jet_mach,9,0.014139017648994922,0.11890760130872594,0.014139017648994922,0.11890760130872594
3,g0_jet_mach,10,0.012924066465348005,0.11368406425417771,0.012924066465348005,0.11368406425417771
3,g1_pr,1,0.4278966099023819,0.6541380663914782,0.4278966099023819,0.6541380663914782
3,g1_pr,2,0.15750631988048552,0.3968706588808066,0.15750631988048552,0.3968706588808066
3,g1_pr,3,0.08811444118618965,0.29684076739253595,0.08811444118618965,0.29684076739253595
3,g1_pr,4,0.0645007148385048,0.25396990931703856,0.0645007148385048,0.25396990931703856
3,g1_pr,5,0.07287806905806064,0.2699593840896453,0.07287806905806064,0.2699593840896453
3,g1_pr,6,0.058375711739063266,0.2416106614763994,0.058375711739063266,0.2416106614763994
3,g1_pr,7,0.03139067031443119,0.17717412428013068,0.03139067031443119,0.17717412428013068
3,g1_pr,8,0.04286007694900036,0.20702675418650693,0.04286007694900036,0.20702675418650693
3,g1_pr,9,0.028667154535651208,0.16931377538656212,0.028667154535651208,0.16931377538656212
3,g1_pr,10,0.026280396059155463,0.1621122945959234,0.026280396059155463,0.1621122945959234
3,g2_pr,1,0.6799783647060395,0.8246080066953264,0.6799783647060395,0.8246080066953264
3,g2_pr,2,0.32166413515806197,0.5671544191470802,0.32166413515806197,0.5671544191470802
3,g2_pr,3,0.1715826041996479,0.4142253060831121,0.1715826041996479,0.4142253060831121
3,g2_pr,4,0.18495463132858275,0.43006352010904475,0.18495463132858275,0.43006352010904475
3,g2_pr,5,0.0878153458237648,0.2963365414925483,0.0878153458237648,0.2963365414925483
3,g2_pr,6,0.07677508518099785,0.2770831737601507,0.07677508518099785,0.2770831737601507
3,g2_pr,7,0.0715263158082962,0.26744404238699393,0.0715263158082962,0.26744404238699393
3,g2_pr,8,0.07035403475165367,0.26524335006113475,0.07035403475165367,0.26524335006113475
3,g2_pr,9,0.051949395425617696,0.22792410014216946,0.051949395425617696,0.22792410014216946
3,g2_pr,10,0.04009652622044087,0.20024117014350687,0.04009652622044087,0.20024117014350687
3,g3_pr,1,0.6022240936756134,0.7760309875743451,0.6022240936756134,0.7760309875743451
3,g3_pr,2,0.2724376007914543,0.5219555544214989,0.2724376007914543,0.5219555544214989
3,g3_pr,3,0.1762101337313652,0.41977390787347085,0.1762101337313652,0.41977390787347085
3,g3_pr,4,0.1986590087413788,0.4457118000921434,0.1986590087413788,0.4457118000921434
3,g3_pr,5,0.07270604372024536,0.26964058248017,0.07270604372024536,0.26964058248017
3,g3_pr,6,0.07379575073719025,0.2716537331552619,0.07379575073719025,0.2716537331552619
3,g3_pr,7,0.051576229929924014,0.2271040068557224,0.051576229929924014,0.2271040068557224
3,g3_pr,8,0.0545270636677742,0.2335103074122729,0.0545270636677742,0.2335103074122729
3,g3_pr,9,0.028816386125981808,0.16975389870627952,0.028816386125981808,0.16975389870627952
3,g3_pr,10,0.03310338575392961,0.18194335864199498,0.03310338575392961,0.18194335864199498
3,g4_pr_perc_sum,1,0.7358657717704773,0.8578261897205501,0.7358657717704773,0.8578261897205501
3,g4_pr_perc_sum,2,0.3321818508207798,0.5763521933859364,0.3321818508207798,0.5763521933859364
3,g4_pr_perc_sum,3,0.16059285998344422,0.400740389758063,0.16059285998344422,0.400740389758063
3,g4_pr_perc_sum,4,0.13400112614035606,0.36606164254173923,0.13400112614035606,0.36606164254173923
3,g4_pr_perc_sum,5,0.05567810162901878,0.23596207667550897,0.05567810162901878,0.23596207667550897
3,g4_pr_perc_sum,6,0.04933129996061325,0.22210650589438674,0.04933129996061325,0.22210650589438674
3,g4_pr_perc_sum,7,0.05782355181872845,0.24046528194050892,0.05782355181872845,0.24046528194050892
3,g4_pr_perc_sum,8,0.04665538929402828,0.21599858632414307,0.04665538929402828,0.21599858632414307
3,g4_pr_perc_sum,9,0.04180364720523357,0.20445940234000876,0.04180364720523357,0.20445940234000876
3,g4_pr_perc_sum,10,0.025826517678797244,0.16070630877099146,0.025826517678797244,0.16070630877099146
4,f0_tsfc,1,0.2582846408089002,0.5082171197518834,0.2582846408089002,0.5082171197518834
4,f0_tsfc,2,0.05135454206417004,0.22661540561967547,0.05135454206417004,0.22661540561967547
4,f0_tsfc,3,0.027288056308558833,0.16519096921005952,0.027288056308558833,0.16519096921005952
4,f0_tsfc,4,0.016702080639030708,0.12923652981657588,0.016702080639030708,0.12923652981657588
4,f0_tsfc,5,0.0165280905396988,0.12856162156607545,0.0165280905396988,0.12856162156607545
4,f0_tsfc,6,0.013005526624813987,0.11404177578770855,0.013005526624813987,0.11404177578770855
4,f0_tsfc,7,0.013325176201760769,0.11543472701817581,0.013325176201760769,0.11543472701817581
4,f0_tsfc,8,0.016499219889131684,0.12844928917332196,0.016499219889131684,0.12844928917332196
4,f0_tsfc,9,0.012776731702615507,0.113034205896337,0.012776731702615507,0.113034205896337
4,f0_tsfc,10,0.019114269874989986,0.13825436656753373,0.019114269874989986,0.13825436656753373
4,g0_jet_mach,1,0.25846982405831415,0.5083992762173389,0.25846982405831415,0.5083992762173389
4,g0_jet_mach,2,0.039292546250104955,0.19822347552725675,0.039292546250104955,0.19822347552725675
4,g0_jet_mach,3,0.020199159618641715,0.14212374755346735,0.020199159618641715,0.14212374755346735
4,g0_jet_mach,4,0.009752915240824223,0.09875684908311029,0.009752915240824223,0.09875684908311029
4,g0_jet_mach,5,0.014492718192438284,0.12038570593072204,0.014492718192438284,0.12038570593072204
4,g0_jet_mach,6,0.009070056801040968,0.09523684581631717,0.009070056801040968,0.09523684581631717
4,g0_jet_mach,7,0.005176290205175367,0.07194643983669635,0.005176290205175367,0.07194643983669635
4,g0_jet_mach,8,0.008311936166137457,0.09116982047880459,0.008311936166137457,0.09116982047880459
4,g0_jet_mach,9,0.011707560624927282,0.10820148162075824,0.011707560624927282,0.10820148162075824
4,g0_jet_mach,10,0.02191825754319628,0.14804815954005063,0.02191825754319628,0.14804815954005063
4,g1_pr,1,0.8845524899661541,0.9405065071365292,0.8845524899661541,0.9405065071365292
4,g1_pr,2,0.2597784538132449,0.5096846611516231,0.2597784538132449,0.5096846611516231
4,g1_pr,3,0.12269666868572433,0.35028084259023406,0.12269666868572433,0.35028084259023406
4,g1_pr,4,0.17342668833831945,0.41644530053575995,0.17342668833831945,0.41644530053575995
4,g1_pr,5,0.08189600413121904,0.286174778992173,0.08189600413121904,0.286174778992173
4,g1_pr,6,0.09948834373305242,0.31541772894536607,0.09948834373305242,0.31541772894536607
4,g1_pr,7,0.046100839196393885,0.2147110597905797,0.046100839196393885,0.2147110597905797
4,g1_pr,8,0.05334702813221762,0.23096975588205834,0.05334702813221762,0.23096975588205834
4,g1_pr,9,0.036461147014051676,0.19094802175998493,0.036461147014051676,0.19094802175998493
4,g1_pr,10,0.03521978680510074,0.187669354997295,0.03521978680510074,0.187669354997295
4,g2_pr,1,0.6141442780693372,0.7836735787745669,0.6141442780693372,0.7836735787745669
4,g2_pr,2,0.24667935073375702,0.4966682501768731,0.24667935073375702,0.4966682501768731
4,g2_pr,3,0.12267631789048512,0.3502517921302975,0.12267631789048512,0.3502517921302975
4,g2_pr,4,0.18748015289505324,0.43298978382295955,0.18748015289505324,0.43298978382295955
4,g2_pr,5,0.09312650995949905,0.3051663643973547,0.09312650995949905,0.3051663643973547
4,g2_pr,6,0.06950792181305587,0.2636435506760138,0.06950792181305587,0.2636435506760138
4,g2_pr,7,0.05852134352123054,0.24191185072507412,0.05852134352123054,0.24191185072507412
4,g2_pr,8,0.039494775310574916,0.19873292457611275,0.039494775310574916,0.19873292457611275
4,g2_pr,9,0.03608857886865735,0.18996994201361792,0.03608857886865735,0.18996994201361792
4,g2_pr,10,0.031965689835487865,0.17878951265521104,0.031965689835487865,0.17878951265521104
4,g3_pr,1,0.4973023409644763,0.7051966682879863,0.4973023409644763,0.7051966682879863
4,g3_pr,2,0.17369544133543968,0.41676785065002275,0.17369544133543968,0.41676785065002275
4,g3_pr,3,0.10791296356668074,0.3285010860966532,0.10791296356668074,0.3285010860966532
4,g3_pr,4,0.11700218481322129,0.3420558211947595,0.11700218481322129,0.3420558211947595
4,g3_pr,5,0.07864866809298594,0.28044369861522284,0.07864866809298594,0.28044369861522284
4,g3_pr,6,0.054225957641998924,0.23286467667295296,0.054225957641998924,0.23286467667295296
4,g3_pr,7,0.05740567141522964,0.2395948067367689,0.05740567141522964,0.2395948067367689
4,g3_pr,8,0.04492801443363229,0.21196229483951218,0.04492801443363229,0.21196229483951218
4,g3_pr,9,0.031183469497288268,0.17658841835547504,0.031183469497288268,0.17658841835547504
4,g3_pr,10,0.021309774325345643,0.1459786776393924,0.021309774325345643,0.1459786776393924
4,g4_pr_perc_sum,1,0.4871524094293515,0.6979630430254539,0.4871524094293515,0.6979630430254539
4,g4_pr_perc_sum,2,0.26791348805030185,0.5176036012725393,0.26791348805030185,0.5176036012725393
4,g4_pr_perc_sum,3,0.09227904801567395,0.30377466651397045,0.09227904801567395,0.30377466651397045
4,g4_pr_perc_sum,4,0.10243559380372365,0.32005561048624603,0.10243559380372365,0.32005561048624603
4,g4_pr_perc_sum,5,0.07408733479678631,0.2721898873889078,0.07408733479678631,0.2721898873889078
4,g4_pr_perc_sum,6,0.04441306150207917,0.21074406635082082,0.04441306150207917,0.21074406635082082
4,g4_pr_perc_sum,7,0.08297876191015045,0.28806034421653814,0.08297876191015045,0.28806034421653814
4,g4_pr_perc_sum,8,0.029511755681596696,0.17178985907671238,0.029511755681596696,0.17178985907671238
4,g4_pr_perc_sum,9,0.03446421679109335,0.18564540605976046,0.03446421679109335,0.18564540605976046
4,g4_pr_perc_sum,10,0.027578934095799923,0.16606906423473314,0.027578934095799923,0.16606906423473314
5,f0_tsfc,1,0.2398868463933468,0.48978244802498466,0.2398868463933468,0.48978244802498466
5,f0_tsfc,2,0.0979123196254174,0.3129094431707317,0.0979123196254174,0.3129094431707317
5,f0_tsfc,3,0.04483831860125065,0.2117506047246398,0.04483831860125065,0.2117506047246398
5,f0_tsfc,4,0.01809540072766443,0.13451914632372758,0.01809540072766443,0.13451914632372758
5,f0_tsfc,5,0.026496652979403734,0.16277792534432836,0.026496652979403734,0.16277792534432836
5,f0_tsfc,6,0.019913239249338705,0.1411142772696608,0.019913239249338705,0.1411142772696608
5,f0_tsfc,7,0.012386633781716228,0.11129525498293369,0.012386633781716228,0.11129525498293369
5,f0_tsfc,8,0.013761504553258419,0.1173094393186602,0.013761504553258419,0.1173094393186602
5,f0_tsfc,9,0.017453163318956893,0.1321104209324794,0.017453163318956893,0.1321104209324794
5,f0_tsfc,10,0.014089504179234305,0.11869921726462355,0.014089504179234305,0.11869921726462355
5,g0_jet_mach,1,0.3465811926871538,0.5887114681124819,0.3465811926871538,0.5887114681124819
5,g0_jet_mach,2,0.1370217725634575,0.3701645209409696,0.1370217725634575,0.3701645209409696
5,g0_jet_mach,3,0.0950171030126512,0.3082484436500065,0.0950171030126512,0.3082484436500065
5,g0_jet_mach,4,0.05009211630870899,0.2238126812955624,0.05009211630870899,0.2238126812955624
5,g0_jet_mach,5,0.027588848335047562,0.1660989113000069,0.027588848335047562,0.1660989113000069
5,g0_jet_mach,6,0.01723745942581445,0.13129150553563795,0.01723745942581445,0.13129150553563795
5,g0_jet_mach,7,0.010578197077848017,0.10285036255574415,0.010578197077848017,0.10285036255574415
5,g0_jet_mach,8,0.008282283631463846,0.09100705264683527,0.008282283631463846,0.09100705264683527
5,g0_jet_mach,9,0.006725726998411119,0.08201052980203895,0.006725726998411119,0.08201052980203895
5,g0_jet_mach,10,0.005620747047942132,0.07497164162496464,0.005620747047942132,0.07497164162496464
5,g1_pr,1,0.3860581119855245,0.6213357481953895,0.3860581119855245,0.6213357481953895
5,g1_pr,2,0.14804020958642164,0.3847599376058033,0.14804020958642164,0.3847599376058033
5,g1_pr,3,0.10158413151899974,0.31872265611186124,0.10158413151899974,0.31872265611186124
5,g1_pr,4,0.08471790825327237,0.29106340933424174,0.08471790825327237,0.29106340933424174
5,g1_pr,5,0.055476308489839234,0.23553409199060596,0.055476308489839234,0.23553409199060596
5,g1_pr,6,0.03892588056623936,0.19729642816391624,0.03892588056623936,0.19729642816391624
5,g1_pr,7,0.03510860214009881,0.1873728959590976,0.03510860214009881,0.1873728959590976
5,g1_pr,8,0.029693380153427523,0.17231767220290414,0.029693380153427523,0.17231767220290414
5,g1_pr,9,0.025136134587228298,0.15854379390953244,0.025136134587228298,0.15854379390953244
5,g1_pr,10,0.0305723639515539,0.17484954661523688,0.0305723639515539,0.17484954661523688
5,g2_pr,1,0.5175251811742783,0.7193922304100026,0.5175251811742783,0.7193922304100026
5,g2_pr,2,0.17171351332217455,0.41438329276428915,0.17171351332217455,0.41438329276428915
5,g2_pr,3,0.06418835744261742,0.2533542133902995,0.06418835744261742,0.2533542133902995
5,g2_pr,4,0.05752786217878262,0.2398496657883488,0.05752786217878262,0.2398496657883488
5,g2_pr,5,0.03946081455796957,0.1986474630041108,0.03946081455796957,0.1986474630041108
5,g2_pr,6,0.03924557597686847,0.19810496201980524,0.03924557597686847,0.19810496201980524
5,g2_pr,7,0.03790094361950954,0.19468164684815448,0.03790094361950954,0.19468164684815448
5,g2_pr,8,0.03223582978049914,0.17954339247240245,0.03223582978049914,0.17954339247240245
5,g2_pr,9,0.03122198147078355,0.17669742915725614,0.03122198147078355,0.17669742915725614
5,g2_pr,10,0.031186238396912813,0.1765962581622635,0.031186238396912813,0.1765962581622635
5,g3_pr,1,0.5118970995148023,0.7154698452868593,0.5118970995148023,0.7154698452868593
5,g3_pr,2,0.22156576750179133,0.47070773044617753,0.22156576750179133,0.47070773044617753
5,g3_pr,3,0.08271027837569515,0.2875939470428666,0.08271027837569515,0.2875939470428666
5,g3_pr,4,0.037431997867921986,0.19347350688898463,0.037431997867921986,0.19347350688898463
5,g3_pr,5,0.0318513714397947,0.178469525241131,0.0318513714397947,0.178469525241131
5,g3_pr,6,0.024493057591219742,0.15650258014237256,0.024493057591219742,0.15650258014237256
5,g3_pr,7,0.021001589794953663,0.14491925267180225,0.021001589794953663,0.14491925267180225
5,g3_pr,8,0.019770434436698753,0.14060737689288835,0.019770434436698753,0.14060737689288835
5,g3_pr,9,0.012349494189644853,0.11112827808278526,0.012349494189644853,0.11112827808278526
5,g3_pr,10,0.01987765838081638,0.14098814978861302,0.01987765838081638,0.14098814978861302
5,g4_pr_perc_sum,1,0.6283546648919582,0.7926882520209053,0.6283546648919582,0.7926882520209053
5,g4_pr_perc_sum,2,0.20990618442495665,0.4581551968765133,0.20990618442495665,0.4581551968765133
5,g4_pr_perc_sum,3,0.1389337982982397,0.3727382436754239,0.1389337982982397,0.3727382436754239
5,g4_pr_perc_sum,4,0.07515659773101409,0.2741470366993123,0.07515659773101409,0.2741470366993123
5,g4_pr_perc_sum,5,0.05902276188135147,0.24294600610290237,0.05902276188135147,0.24294600610290237
5,g4_pr_perc_sum,6,0.04988313280045986,0.22334532186831194,0.04988313280045986,0.22334532186831194
5,g4_pr_perc_sum,7,0.03802093118429184,0.19498956686010624,0.03802093118429184,0.19498956686010624
5,g4_pr_perc_sum,8,0.0412740238631765,0.20316009417003258,0.0412740238631765,0.20316009417003258
5,g4_pr_perc_sum,9,0.028860798571258783,0.1698846625545072,0.028860798571258783,0.1698846625545072
5,g4_pr_perc_sum,10,0.02753642729173104,0.16594103558713572,0.02753642729173104,0.16594103558713572
6,f0_tsfc,1,0.282541315470423,0.5315461555410057,0.282541315470423,0.5315461555410057
6,f0_tsfc,2,0.07137692799525601,0.267164608425697,0.07137692799525601,0.267164608425697
6,f0_tsfc,3,0.048078179359436035,0.2192673695729395,0.048078179359436035,0.2192673695729395
6,f0_tsfc,4,0.017380940993981703,0.1318367968132634,0.017380940993981703,0.1318367968132634
6,f0_tsfc,5,0.01756108073251588,0.1325182279255042,0.01756108073251588,0.1325182279255042
6,f0_tsfc,6,0.013928409266684736,0.11801868185454681,0.013928409266684736,0.11801868185454681
6,f0_tsfc,7,0.014717127196490765,0.12131416733626277,0.014717127196490765,0.12131416733626277
6,f0_tsfc,8,0.016975591225283488,0.13029041110259607,0.016975591225283488,0.13029041110259607
6,f0_tsfc,9,0.01649118820205331,0.12841802132899147,0.01649118820205331,0.12841802132899147
6,f0_tsfc,10,0.014935348182916641,0.12221026218332338,0.014935348182916641,0.12221026218332338
6,g0_jet_mach,1,0.2633851133286953,0.5132105935468356,0.2633851133286953,0.5132105935468356
6,g0_jet_mach,2,0.06967254155980689,0.26395556739687626,0.06967254155980689,0.26395556739687626
6,g0_jet_mach,3,0.05058307519980839,0.22490681448059413,0.05058307519980839,0.22490681448059413
6,g0_jet_mach,4,0.029899821217570986,0.1729156476943917,0.029899821217570986,0.1729156476943917
6,g0_jet_mach,5,0.01887021353468299,0.13736889580499287,0.01887021353468299,0.13736889580499287
6,g0_jet_mach,6,0.010335515652384077,0.10166373813894548,0.010335515652384077,0.10166373813894548
6,g0_jet_mach,7,0.013852396115128483,0.11769620263682462,0.013852396115128483,0.11769620263682462
6,g0_jet_mach,8,0.009387126525065728,0.09688718452440306,0.009387126525065728,0.09688718452440306
6,g0_jet_mach,9,0.008352150076201983,0.0913900983487926,0.008352150076201983,0.0913900983487926
6,g0_jet_mach,10,0.009797185127224241,0.09898073109057258,0.009797185127224241,0.09898073109057258
6,g1_pr,1,0.409574064293078,0.6399797374082073,0.409574064293078,0.6399797374082073
6,g1_pr,2,0.2011772929025548,0.44852791764008937,0.2011772929025548,0.44852791764008937
6,g1_pr,3,0.10736547357269696,0.32766671111465834,0.10736547357269696,0.32766671111465834
6,g1_pr,4,0.0681284104606935,0.26101419589879304,0.0681284104606935,0.26101419589879304
6,g1_pr,5,0.04709665653561907,0.21701764107007307,0.04709665653561907,0.21701764107007307
6,g1_pr,6,0.03396156909210341,0.18428664925084348,0.03396156909210341,0.18428664925084348
6,g1_pr,7,0.02825573512486049,0.1680944232414047,0.02825573512486049,0.1680944232414047
6,g1_pr,8,0.02760818218147116,0.16615710090595334,0.02760818218147116,0.16615710090595334
6,g1_pr,9,0.022360797971487045,0.1495352733353808,0.022360797971487045,0.1495352733353808
6,g1_pr,10,0.020660734668906246,0.14373842446926377,0.020660734668906246,0.14373842446926377
6,g2_pr,1,0.3327008677380426,0.5768022778544157,0.3327008677380426,0.5768022778544157
6,g2_pr,2,0.1550430878996849,0.3937551115854687,0.1550430878996849,0.3937551115854687
6,g2_pr,3,0.08487753357206072,0.2913374908453437,0.08487753357206072,0.2913374908453437
6,g2_pr,4,0.04306340756426964,0.20751724642609742,0.04306340756426964,0.20751724642609742
6,g2_pr,5,0.038316635414958,0.19574635479353888,0.038316635414958,0.19574635479353888
6,g2_pr,6,0.0286686099799616,0.16931807340021796,0.0286686099799616,0.16931807340021796
6,g2_pr,7,0.030384951138070652,0.17431279682820378,0.030384951138070652,0.17431279682820378
6,g2_pr,8,0.028135350240128382,0.16773595392797688,0.028135350240128382,0.16773595392797688
6,g2_pr,9,0.029188090735780343,0.17084522450387762,0.029188090735780343,0.17084522450387762
6,g2_pr,10,0.03125097842088768,0.17677946266715394,0.03125097842088768,0.17677946266715394
6,g3_pr,1,0.4018338354570525,0.6339036484017524,0.4018338354570525,0.6339036484017524
6,g3_pr,2,0.15744674418653762,0.39679559496866595,0.15744674418653762,0.39679559496866595
6,g3_pr,3,0.07778564893773623,0.2789007869077035,0.07778564893773623,0.2789007869077035
6,g3_pr,4,0.07808412784444434,0.2794353732877145,0.07808412784444434,0.2794353732877145
6,g3_pr,5,0.04933184624782631,0.22210773567759026,0.04933184624782631,0.22210773567759026
6,g3_pr,6,0.02403029227363212,0.15501707091037464,0.02403029227363212,0.15501707091037464
6,g3_pr,7,0.019231752725318074,0.13867859505099578,0.019231752725318074,0.13867859505099578
6,g3_pr,8,0.015735813083925417,0.1254424692196603,0.015735813083925417,0.1254424692196603
6,g3_pr,9,0.01176462515390345,0.10846485676892516,0.01176462515390345,0.10846485676892516
6,g3_pr,10,0.008825205532567841,0.09394256507338855,0.008825205532567841,0.09394256507338855
6,g4_pr_perc_sum,1,0.44894344572510037,0.6700324213984726,0.44894344572510037,0.6700324213984726
6,g4_pr_perc_sum,2,0.21894710431141512,0.46791783927460506,0.21894710431141512,0.46791783927460506
6,g4_pr_perc_sum,3,0.1381101869046688,0.37163178941617575,0.1381101869046688,0.37163178941617575
6,g4_pr_perc_sum,4,0.1131995820573398,0.3364514557218319,0.1131995820573398,0.3364514557218319
6,g4_pr_perc_sum,5,0.054870358269129484,0.2342442278245709,0.054870358269129484,0.2342442278245709
6,g4_pr_perc_sum,6,0.043587728802646906,0.20877674392193904,0.043587728802646906,0.20877674392193904
6,g4_pr_perc_sum,7,0.04046367720833847,0.20115585303027717,0.04046367720833847,0.20115585303027717
6,g4_pr_perc_sum,8,0.029524907070611204,0.17182813236083083,0.029524907070611204,0.17182813236083083
6,g4_pr_perc_sum,9,0.02871692499944142,0.169460688655043,0.02871692499944142,0.169460688655043
6,g4_pr_perc_sum,10,0.027578826328473433,0.1660687397690289,0.027578826328473433,0.1660687397690289
7,f0_tsfc,1,0.224313699407503,0.47361767218665207,0.224313699407503,0.47361767218665207
7,f0_tsfc,2,0.05981885455548763,0.24457893318004237,0.05981885455548763,0.24457893318004237
7,f0_tsfc,3,0.03237345133675262,0.1799262386000236,0.03237345133675262,0.1799262386000236
7,f0_tsfc,4,0.015311523340642452,0.1237397403449775,0.015311523340642452,0.1237397403449775
7,f0_tsfc,5,0.011408309743274003,0.10680968936980391,0.011408309743274003,0.10680968936980391
7,f0_tsfc,6,0.00999936755397357,0.09999683771986777,0.00999936755397357,0.09999683771986777
7,f0_tsfc,7,0.0110045149049256,0.10490240657356531,0.0110045149049256,0.10490240657356531
7,f0_tsfc,8,0.008197663904866204,0.09054095153501648,0.008197663904866204,0.09054095153501648
7,f0_tsfc,9,0.009332047862699255,0.09660252513624712,0.009332047862699255,0.09660252513624712
7,f0_tsfc,10,0.015913892188109457,0.12615027621099154,0.015913892188109457,0.12615027621099154
7,g0_jet_mach,1,0.2303011268377304,0.479896996070751,0.2303011268377304,0.479896996070751
7,g0_jet_mach,2,0.10165819720714353,0.3188388263796358,0.10165819720714353,0.3188388263796358
7,g0_jet_mach,3,0.04700010345550254,0.21679507248898103,0.04700010345550254,0.21679507248898103
7,g0_jet_mach,4,0.024635988142108545,0.15695855549191495,0.024635988142108545,0.15695855549191495
7,g0_jet_mach,5,0.02974157454445958,0.17245745720165184,0.02974157454445958,0.17245745720165184
7,g0_jet_mach,6,0.025460027856752276,0.1595619875056471,0.025460027856752276,0.1595619875056471
7,g0_jet_mach,7,0.012558250891743228,0.11206360199343597,0.012558250891743228,0.11206360199343597
7,g0_jet_mach,8,0.008422696468187496,0.0917752497582409,0.008422696468187496,0.0917752497582409
7,g0_jet_mach,9,0.008518765214830637,0.09229715713298345,0.008518765214830637,0.09229715713298345
7,g0_jet_mach,10,0.006670893577393144,0.08167553842732317,0.006670893577393144,0.08167553842732317
7,g1_pr,1,0.28775987355038524,0.5364325433364248,0.28775987355038524,0.5364325433364248
7,g1_pr,2,0.07634275150485337,0.276301920921396,0.07634275150485337,0.276301920921396
7,g1_pr,3,0.04756263946183026,0.21808860461250665,0.04756263946183026,0.21808860461250665
7,g1_pr,4,0.04041169269476086,0.20102659698348588,0.04041169269476086,0.20102659698348588
7,g1_pr,5,0.027563362382352352,0.1660221743694268,0.027563362382352352,0.1660221743694268
7,g1_pr,6,0.023627502843737602,0.15371240302505718,0.023627502843737602,0.15371240302505718
7,g1_pr,7,0.02778230677358806,0.16668025310032397,0.02778230677358806,0.16668025310032397
7,g1_pr,8,0.025618864048738033,0.16005893929655424,0.025618864048738033,0.16005893929655424
7,g1_pr,9,0.014497915108222514,0.12040728843480578,0.014497915108222514,0.12040728843480578
7,g1_pr,10,0.018975113693159074,0.13775018581896387,0.018975113693159074,0.13775018581896387
7,g2_pr,1,0.23728579049929976,0.48711989335203687,0.23728579049929976,0.48711989335203687
7,g2_pr,2,0.0966409333050251,0.31087124875907246,0.0966409333050251,0.31087124875907246
7,g2_pr,3,0.05477502243593335,0.23404064270107736,0.05477502243593335,0.23404064270107736
7,g2_pr,4,0.04283181298524141,0.20695848130782515,0.04283181298524141,0.20695848130782515
7,g2_pr,5,0.039191827178001404,0.19796925816399222,0.039191827178001404,0.19796925816399222
7,g2_pr,6,0.03521202225238085,0.1876486670679567,0.03521202225238085,0.1876486670679567
7,g2_pr,7,0.030169724253937602,0.1736943414562996,0.030169724253937602,0.1736943414562996
7,g2_pr,8,0.03131574939470738,0.17696256495289445,0.03131574939470738,0.17696256495289445
7,g2_pr,9,0.03304764209315181,0.18179010449733454,0.03304764209315181,0.18179010449733454
7,g2_pr,10,0.030127412639558315,0.17357249966385319,0.030127412639558315,0.17357249966385319
7,g3_pr,1,0.2520470889285207,0.5020429154250866,0.2520470889285207,0.5020429154250866
7,g3_pr,2,0.11246080254204571,0.3353517594139707,0.11246080254204571,0.3353517594139707
7,g3_pr,3,0.040402102982625365,0.2010027437191477,0.040402102982625365,0.2010027437191477
7,g3_pr,4,0.025516375375445932,0.1597384592871921,0.025516375375445932,0.1597384592871921
7,g3_pr,5,0.020398844964802265,0.14282452508166188,0.020398844964802265,0.14282452508166188
7,g3_pr,6,0.01933181710774079,0.13903890501489427,0.01933181710774079,0.13903890501489427
7,g3_pr,7,0.020471363561227918,0.14307817290288521,0.020471363561227918,0.14307817290288521
7,g3_pr,8,0.015178839639702346,0.12320243357865276,0.015178839639702346,0.12320243357865276
7,g3_pr,9,0.01622864219825715,0.12739168810506102,0.01622864219825715,0.12739168810506102
7,g3_pr,10,0.00852114663575776,0.09231005706724354,0.00852114663575776,0.09231005706724354
7,g4_pr_perc_sum,1,0.3917269576340914,0.6258809452556383,0.3917269576340914,0.6258809452556383
7,g4_pr_perc_sum,2,0.0859709084033966,0.2932079610164032,0.0859709084033966,0.2932079610164032
7,g4_pr_perc_sum,3,0.04875330254435539,0.22080150032179444,0.04875330254435539,0.22080150032179444
7,g4_pr_perc_sum,4,0.04856688273139298,0.22037895255988713,0.04856688273139298,0.22037895255988713
7,g4_pr_perc_sum,5,0.039887693943455815,0.19971903750883593,0.039887693943455815,0.19971903750883593
7,g4_pr_perc_sum,6,0.04015940416138619,0.20039811416624206,0.04015940416138619,0.20039811416624206
7,g4_pr_perc_sum,7,0.033689396223053336,0.18354671400777878,0.033689396223053336,0.18354671400777878
7,g4_pr_perc_sum,8,0.028544434462673962,0.16895098242589168,0.028544434462673962,0.16895098242589168
7,g4_pr_perc_sum,9,0.01842436322476715,0.13573637399299845,0.01842436322476715,0.13573637399299845
7,g4_pr_perc_sum,10,0.023567192547488958,0.15351609865902976,0.023567192547488958,0.15351609865902976
8,f0_tsfc,1,0.25382201955653727,0.503807522330242,0.25382201955653727,0.503807522330242
8,f0_tsfc,2,0.15694247791543603,0.39615966215080006,0.15694247791543603,0.39615966215080006
8,f0_tsfc,3,0.08240386424586177,0.2870607326784034,0.08240386424586177,0.2870607326784034
8,f0_tsfc,4,0.040086044231429696,0.20021499502142615,0.040086044231429696,0.20021499502142615
8,f0_tsfc,5,0.02503977931337431,0.15823962624252597,0.02503977931337431,0.15823962624252597
8,f0_tsfc,6,0.01708487287396565,0.13070911549683767,0.01708487287396565,0.13070911549683767
8,f0_tsfc,7,0.015886433233390562,0.12604139492004426,0.015886433233390562,0.12604139492004426
8,f0_tsfc,8,0.012875168875325471,0.11346880133025761,0.012875168875325471,0.11346880133025761
8,f0_tsfc,9,0.011130928382044658,0.10550321503179255,0.011130928382044658,0.10550321503179255
8,f0_tsfc,10,0.010526597878197208,0.10259920992969297,0.010526597878197208,0.10259920992969297
8,g0_jet_mach,1,0.28045855602249503,0.5295833796698071,0.28045855602249503,0.5295833796698071
8,g0_jet_mach,2,0.11740343924611807,0.34264185273564884,0.11740343924611807,0.34264185273564884
8,g0_jet_mach,3,0.04708082461729646,0.21698116189498215,0.04708082461729646,0.21698116189498215
8,g0_jet_mach,4,0.020103331946302205,0.1417862191692204,0.020103331946302205,0.1417862191692204
8,g0_jet_mach,5,0.014956517174141482,0.12229684040947862,0.014956517174141482,0.12229684040947862
8,g0_jet_mach,6,0.011531625146744773,0.10738540471937875,0.011531625146744773,0.10738540471937875
8,g0_jet_mach,7,0.01090646896045655,0.10443404119565876,0.01090646896045655,0.10443404119565876
8,g0_jet_mach,8,0.009569017915055156,0.09782135715197962,0.009569017915055156,0.09782135715197962
8,g0_jet_mach,9,0.007931759173516184,0.08906042428327064,0.007931759173516184,0.08906042428327064
8,g0_jet_mach,10,0.0062934352026786655,0.07933117421719324,0.0062934352026786655,0.07933117421719324
8,g1_pr,1,0.2520186936017126,0.5020146348481412,0.2520186936017126,0.5020146348481412
8,g1_pr,2,0.11454960843548179,0.33845178155164407,0.11454960843548179,0.33845178155164407
8,g1_pr,3,0.06432351307012141,0.25362080567280243,0.06432351307012141,0.25362080567280243
8,g1_pr,4,0.03297195676714182,0.18158181838262832,0.03297195676714182,0.18158181838262832
8,g1_pr,5,0.028600320452824235,0.16911629268886022,0.028600320452824235,0.16911629268886022
8,g1_pr,6,0.020862135046627373,0.144437304899487,0.020862135046627373,0.144437304899487
8,g1_pr,7,0.017449610255425796,0.13209697292302272,0.017449610255425796,0.13209697292302272
8,g1_pr,8,0.019505157077219337,0.1396608645155089,0.019505157077219337,0.1396608645155089
8,g1_pr,9,0.020899214257951826,0.14456560537676943,0.020899214257951826,0.14456560537676943
8,g1_pr,10,0.01861782549531199,0.13644715275634003,0.01861782549531199,0.13644715275634003
8,g2_pr,1,0.6186756188981235,0.7865593549746411,0.6186756188981235,0.7865593549746411
8,g2_pr,2,0.1830669327173382,0.42786321729886784,0.1830669327173382,0.42786321729886784
8,g2_pr,3,0.09912289795465767,0.3148378915484248,0.09912289795465767,0.3148378915484248
8,g2_pr,4,0.04300853004679084,0.2073849802825432,0.04300853004679084,0.2073849802825432
8,g2_pr,5,0.03290484321769327,0.1813969217426064,0.03290484321769327,0.1813969217426064
8,g2_pr,6,0.030415840912610292,0.17440137875776754,0.030415840912610292,0.17440137875776754
8,g2_pr,7,0.03148262668401003,0.1774334429694978,0.03148262668401003,0.1774334429694978
8,g2_pr,8,0.027749933069571853,0.16658311159770023,0.027749933069571853,0.16658311159770023
8,g2_pr,9,0.028551212279126048,0.16897103976458822,0.028551212279126048,0.16897103976458822
8,g2_pr,10,0.029885377560276538,0.17287387761103915,0.029885377560276538,0.17287387761103915
8,g3_pr,1,0.6203262908384204,0.787607955037543,0.6203262908384204,0.787607955037543
8,g3_pr,2,0.19051523925736547,0.4364805141783141,0.19051523925736547,0.4364805141783141
8,g3_pr,3,0.08480453700758517,0.29121218554103323,0.08480453700758517,0.29121218554103323
8,g3_pr,4,0.036481220624409616,0.19100057754993732,0.036481220624409616,0.19100057754993732
8,g3_pr,5,0.0235172311658971,0.15335328873518528,0.0235172311658971,0.15335328873518528
8,g3_pr,6,0.016169674665434286,0.1271600356457731,0.016169674665434286,0.1271600356457731
8,g3_pr,7,0.010805935089592822,0.10395159974523153,0.010805935089592822,0.10395159974523153
8,g3_pr,8,0.009341742566903122,0.09665269042764987,0.009341742566903122,0.09665269042764987
8,g3_pr,9,0.007780212676152587,0.08820551386479525,0.007780212676152587,0.08820551386479525
8,g3_pr,10,0.0070702308003092185,0.08408466447759198,0.0070702308003092185,0.08408466447759198
8,g4_pr_perc_sum,1,0.5851313685998321,0.7649388005584709,0.5851313685998321,0.7649388005584709
8,g4_pr_perc_sum,2,0.15189596638083458,0.38973833065383057,0.15189596638083458,0.38973833065383057
8,g4_pr_perc_sum,3,0.12892321217805147,0.3590587865211649,0.12892321217805147,0.3590587865211649
8,g4_pr_perc_sum,4,0.05795808124821633,0.2407448467739576,0.05795808124821633,0.2407448467739576
8,g4_pr_perc_sum,5,0.03918016352690756,0.19793979773382503,0.03918016352690756,0.19793979773382503
8,g4_pr_perc_sum,6,0.03469493961893022,0.18626577683227324,0.03469493961893022,0.18626577683227324
8,g4_pr_perc_sum,7,0.032867249799892306,0.1812932701450672,0.032867249799892306,0.1812932701450672
8,g4_pr_perc_sum,8,0.02189271559473127,0.14796187209795392,0.02189271559473127,0.14796187209795392
8,g4_pr_perc_sum,9,0.020832698908634484,0.14433536956905083,0.020832698908634484,0.14433536956905083
8,g4_pr_perc_sum,10,0.018787677865475416,0.1370681504415793,0.018787677865475416,0.1370681504415793
9,f0_tsfc,1,0.3390305418935087,0.5822632925863597,0.3390305418935087,0.5822632925863597
9,f0_tsfc,2,0.19101026405890784,0.4370472103319135,0.19101026405890784,0.4370472103319135
9,f0_tsfc,3,0.07208135475715001,0.26847971014054306,0.07208135475715001,0.26847971014054306
9,f0_tsfc,4,0.05131644760775897,0.22653133912939943,0.05131644760775897,0.22653133912939943
9,f0_tsfc,5,0.030402541677984927,0.17436324635078612,0.030402541677984927,0.17436324635078612
9,f0_tsfc,6,0.023299969887981813,0.15264327658951052,0.023299969887981813,0.15264327658951052
9,f0_tsfc,7,0.014107426318029562,0.11877468719398743,0.014107426318029562,0.11877468719398743
9,f0_tsfc,8,0.009880287210560508,0.09939963385526382,0.009880287210560508,0.09939963385526382
9,f0_tsfc,9,0.009541917928597994,0.09768274120128895,0.009541917928597994,0.09768274120128895
9,f0_tsfc,10,0.009229064246432649,0.09606801885348032,0.009229064246432649,0.09606801885348032
9,g0_jet_mach,1,0.22806815575394365,0.47756481837960346,0.22806815575394365,0.47756481837960346
9,g0_jet_mach,2,0.0731989024206996,0.27055295677685653,0.0731989024206996,0.27055295677685653
9,g0_jet_mach,3,0.055915209361248545,0.23646397053515056,0.055915209361248545,0.23646397053515056
9,g0_jet_mach,4,0.02241200829545657,0.1497064069953473,0.02241200829545657,0.1497064069953473
9,g0_jet_mach,5,0.030809478627310857,0.17552629041631015,0.030809478627310857,0.17552629041631015
9,g0_jet_mach,6,0.013091356079611514,0.11441746404990592,0.013091356079611514,0.11441746404990592
9,g0_jet_mach,7,0.01536268751240439,0.12394630899064478,0.01536268751240439,0.12394630899064478
9,g0_jet_mach,8,0.009530632265119089,0.09762495718369914,0.009530632265119089,0.09762495718369914
9,g0_jet_mach,9,0.007520023707507385,0.08671807024782888,0.007520023707507385,0.08671807024782888
9,g0_jet_mach,10,0.00723689176245696,0.08506992278388972,0.00723689176245696,0.08506992278388972
9,g1_pr,1,0.3434044834640291,0.5860072384058316,0.3434044834640291,0.5860072384058316
9,g1_pr,2,0.16148921247157785,0.4018572040807255,0.16148921247157785,0.4018572040807255
9,g1_pr,3,0.03346245508227083,0.18292745852460432,0.03346245508227083,0.18292745852460432
9,g1_pr,4,0.022419885783973668,0.14973271447473885,0.022419885783973668,0.14973271447473885
9,g1_pr,5,0.026150890419052705,0.1617123694064641,0.026150890419052705,0.1617123694064641
9,g1_pr,6,0.0242121162203451,0.15560242999498786,0.0242121162203451,0.15560242999498786
9,g1_pr,7,0.01880200393497944,0.1371203994122663,0.01880200393497944,0.1371203994122663
9,g1_pr,8,0.01716724529655443,0.1310238348414304,0.01716724529655443,0.1310238348414304
9,g1_pr,9,0.021217496806962624,0.14566226967530962,0.021217496806962624,0.14566226967530962
9,g1_pr,10,0.019012061672078237,0.13788423286249316,0.019012061672078237,0.13788423286249316
9,g2_pr,1,0.18733428625596893,0.4328213098450317,0.18733428625596893,0.4328213098450317
9,g2_pr,2,0.03848168636775679,0.19616749569629724,0.03848168636775679,0.19616749569629724
9,g2_pr,3,0.031528701074421406,0.17756323120066667,0.031528701074421406,0.17756323120066667
9,g2_pr,4,0.03255505176881949,0.18043018530395485,0.03255505176881949,0.18043018530395485
9,g2_pr,5,0.039706774055957794,0.1992655867327768,0.039706774055957794,0.1992655867327768
9,g2_pr,6,0.03251581142346064,0.18032141143929814,0.03251581142346064,0.18032141143929814
9,g2_pr,7,0.0316838757134974,0.1779996508802683,0.0316838757134974,0.1779996508802683
9,g2_pr,8,0.03332266780651278,0.1825449747500949,0.03332266780651278,0.1825449747500949
9,g2_pr,9,0.025897575128409598,0.16092723550850427,0.025897575128409598,0.16092723550850427
9,g2_pr,10,0.029044818262466125,0.17042540380608204,0.029044818262466125,0.17042540380608204
9,g3_pr,1,0.4517188382645448,0.6721003186017284,0.4517188382645448,0.6721003186017284
9,g3_pr,2,0.1646922388010555,0.4058229155691624,0.1646922388010555,0.4058229155691624
9,g3_pr,3,0.06345398599902789,0.25190074632487275,0.06345398599902789,0.25190074632487275
9,g3_pr,4,0.03611699786658088,0.1900447259636028,0.03611699786658088,0.1900447259636028
9,g3_pr,5,0.04541295570217901,0.21310315741954414,0.04541295570217901,0.21310315741954414
9,g3_pr,6,0.020698260722888842,0.14386890116661363,0.020698260722888842,0.14386890116661363
9,g3_pr,7,0.013556749611679051,0.11643345572334032,0.013556749611679051,0.11643345572334032
9,g3_pr,8,0.008585285421253907,0.09265681529846527,0.008585285421253907,0.09265681529846527
9,g3_pr,9,0.00536827039387491,0.0732684815857058,0.00536827039387491,0.0732684815857058
9,g3_pr,10,0.003936647592733304,0.06274270947873788,0.003936647592733304,0.06274270947873788
9,g4_pr_perc_sum,1,0.2983095074693362,0.5461771758956394,0.2983095074693362,0.5461771758956394
9,g4_pr_perc_sum,2,0.07917350199487475,0.28137786337037024,0.07917350199487475,0.28137786337037024
9,g4_pr_perc_sum,3,0.07758980347878403,0.2785494632534481,0.07758980347878403,0.2785494632534481
9,g4_pr_perc_sum,4,0.037509201663649745,0.1936729244464743,0.037509201663649745,0.1936729244464743
9,g4_pr_perc_sum,5,0.058474033450086914,0.24181404725550357,0.058474033450086914,0.24181404725550357
9,g4_pr_perc_sum,6,0.02673400633244051,0.16350537095900095,0.02673400633244051,0.16350537095900095
9,g4_pr_perc_sum,7,0.03406112434135543,0.18455656136088858,0.03406112434135543,0.18455656136088858
9,g4_pr_perc_sum,8,0.022745928468389645,0.15081753369018353,0.022745928468389645,0.15081753369018353
9,g4_pr_perc_sum,9,0.018822026439011097,0.13719339065352637,0.018822026439011097,0.13719339065352637
9,g4_pr_perc_sum,10,0.017918640695926216,0.13386052702692536,0.017918640695926216,0.13386052702692536
10,f0_tsfc,1,0.3692729126662016,0.6076782970175927,0.3692729126662016,0.6076782970175927
10,f0_tsfc,2,0.07328115161508322,0.2707049161265514,0.07328115161508322,0.2707049161265514
10,f0_tsfc,3,0.03011977383866906,0.17355049362842234,0.03011977383866906,0.17355049362842234
10,f0_tsfc,4,0.01572731286287308,0.12540858368896876,0.01572731286287308,0.12540858368896876
10,f0_tsfc,5,0.010530696436762809,0.10261918162196973,0.010530696436762809,0.10261918162196973
10,f0_tsfc,6,0.009462345449719578,0.0972745878928283,0.009462345449719578,0.0972745878928283
10,f0_tsfc,7,0.008417344861663878,0.09174608908102774,0.008417344861663878,0.09174608908102774
10,f0_tsfc,8,0.008574353833682834,0.09259780685136573,0.008574353833682834,0.09259780685136573
10,f0_tsfc,9,0.007479321607388556,0.08648307121852551,0.007479321607388556,0.08648307121852551
10,f0_tsfc,10,0.009339072578586637,0.0966388771591777,0.009339072578586637,0.0966388771591777
10,g0_jet_mach,1,0.3574566625058651,0.5978767954234928,0.3574566625058651,0.5978767954234928
10,g0_jet_mach,2,0.1093400502577424,0.3306660706176889,0.1093400502577424,0.3306660706176889
10,g0_jet_mach,3,0.0411806421354413,0.20293014102257284,0.0411806421354413,0.20293014102257284
10,g0_jet_mach,4,0.029327101586386562,0.17125157396761806,0.029327101586386562,0.17125157396761806
10,g0_jet_mach,5,0.015290089335758239,0.12365310079313918,0.015290089335758239,0.12365310079313918
10,g0_jet_mach,6,0.011408131755888461,0.10680885616786868,0.011408131755888461,0.10680885616786868
10,g0_jet_mach,7,0.008631243323907255,0.09290448495044389,0.008631243323907255,0.09290448495044389
10,g0_jet_mach,8,0.0066598936682567,0.08160817157770844,0.0066598936682567,0.08160817157770844
10,g0_jet_mach,9,0.006259690644219518,0.07911820678086377,0.006259690644219518,0.07911820678086377
10,g0_jet_mach,10,0.0064174302038736645,0.08010886470218927,0.0064174302038736645,0.08010886470218927
10,g1_pr,1,0.3253022782504559,0.5703527664967146,0.3253022782504559,0.5703527664967146
10,g1_pr,2,0.1120818292722106,0.33478624415021985,0.1120818292722106,0.33478624415021985
10,g1_pr,3,0.06603581551462412,0.256974347970034,0.06603581551462412,0.256974347970034
10,g1_pr,4,0.03430512407794595,0.18521642496805177,0.03430512407794595,0.18521642496805177
10,g1_pr,5,0.02481279717758298,0.1575207833194813,0.02481279717758298,0.1575207833194813
10,g1_pr,6,0.024474503309465944,0.1564432910337351,0.024474503309465944,0.1564432910337351
10,g1_pr,7,0.020148541266098618,0.141945557401768,0.020148541266098618,0.141945557401768
10,g1_pr,8,0.01539053356682416,0.12405858925049953,0.01539053356682416,0.12405858925049953
10,g1_pr,9,0.013756194233428687,0.11728680332172366,0.013756194233428687,0.11728680332172366
10,g1_pr,10,0.025425292272120713,0.15945310367666324,0.025425292272120713,0.15945310367666324
10,g2_pr,1,0.36705825477838516,0.6058533277769341,0.36705825477838516,0.6058533277769341
10,g2_pr,2,0.10727527542039753,0.32752904515538395,0.10727527542039753,0.32752904515538395
10,g2_pr,3,0.03748740823939443,0.19361665279462514,0.03748740823939443,0.19361665279462514
10,g2_pr,4,0.027804546151310207,0.166746952449843,0.027804546151310207,0.166746952449843
10,g2_pr,5,0.02620533248409629,0.16188061182271424,0.02620533248409629,0.16188061182271424
10,g2_pr,6,0.026860467437654734,0.1638916332143125,0.026860467437654734,0.1638916332143125
10,g2_pr,7,0.02542386404238641,0.15944862508778937,0.02542386404238641,0.15944862508778937
10,g2_pr,8,0.02443475816398859,0.15631621209583027,0.02443475816398859,0.15631621209583027
10,g2_pr,9,0.026230280753225088,0.16195765111048346,0.026230280753225088,0.16195765111048346
10,g2_pr,10,0.030754933040589093,0.17537084432877972,0.030754933040589093,0.17537084432877972
10,g3_pr,1,0.44728894978761674,0.6687966430744227,0.44728894978761674,0.6687966430744227
10,g3_pr,2,0.08924870835617185,0.2987452231520562,0.08924870835617185,0.2987452231520562
10,g3_pr,3,0.03561798743903637,0.18872728323969581,0.03561798743903637,0.18872728323969581
10,g3_pr,4,0.02561667710542679,0.16005210746949505,0.02561667710542679,0.16005210746949505
10,g3_pr,5,0.014360271953046322,0.11983435214097134,0.014360271953046322,0.11983435214097134
10,g3_pr,6,0.009234302607364953,0.09609527879851826,0.009234302607364953,0.09609527879851826
10,g3_pr,7,0.007602900359779596,0.08719461198823925,0.007602900359779596,0.08719461198823925
10,g3_pr,8,0.004899644642136991,0.06999746168352815,0.004899644642136991,0.06999746168352815
10,g3_pr,9,0.0041690139099955555,0.06456790154554781,0.0041690139099955555,0.06456790154554781
10,g3_pr,10,0.007935028988867998,0.08907877967769877,0.007935028988867998,0.08907877967769877
10,g4_pr_perc_sum,1,0.3634671472012997,0.6028823659730808,0.3634671472012997,0.6028823659730808
10,g4_pr_perc_sum,2,0.09288065917789937,0.3047632838415733,0.09288065917789937,0.3047632838415733
10,g4_pr_perc_sum,3,0.05575400479137897,0.23612285952736337,0.05575400479137897,0.23612285952736337
10,g4_pr_perc_sum,4,0.03592030862346292,0.18952653804536956,0.03592030862346292,0.18952653804536956
10,g4_pr_perc_sum,5,0.023854805389419198,0.15445000935389805,0.023854805389419198,0.15445000935389805
10,g4_pr_perc_sum,6,0.022592652309685945,0.1503085237426206,0.022592652309685945,0.1503085237426206
10,g4_pr_perc_sum,7,0.025947887869551777,0.16108348105734424,0.025947887869551777,0.16108348105734424
10,g4_pr_perc_sum,8,0.017368194973096253,0.13178844779834176,0.017368194973096253,0.13178844779834176
10,g4_pr_perc_sum,9,0.01730758775956929,0.13155830555145231,0.01730758775956929,0.13155830555145231
10,g4_pr_perc_sum,10,0.018130118632689117,0.1346481289609667,0.018130118632689117,0.1346481289609667
11,f0_tsfc,1,0.38733304537494073,0.6223608642700317,0.38733304537494073,0.6223608642700317
11,f0_tsfc,2,0.11931784099645236,0.34542414651621034,0.11931784099645236,0.34542414651621034
11,f0_tsfc,3,0.04939517158676277,0.2222502454144039,0.04939517158676277,0.2222502454144039
11,f0_tsfc,4,0.020311824130741032,0.1425195570114538,0.020311824130741032,0.1425195570114538
11,f0_tsfc,5,0.014415952207689936,0.12006644913417709,0.014415952207689936,0.12006644913417709
11,f0_tsfc,6,0.014838546345179731,0.12181357208940115,0.014838546345179731,0.12181357208940115
11,f0_tsfc,7,0.012493957723067566,0.11177637372480628,0.012493957723067566,0.11177637372480628
11,f0_tsfc,8,0.012947038493373177,0.1137850539103145,0.012947038493373177,0.1137850539103145
11,f0_tsfc,9,0.012075495017184452,0.10988855726227573,0.012075495017184452,0.10988855726227573
11,f0_tsfc,10,0.011744533093984832,0.10837219705249512,0.011744533093984832,0.10837219705249512
11,g0_jet_mach,1,0.29135444336994126,0.5397725848632378,0.29135444336994126,0.5397725848632378
11,g0_jet_mach,2,0.15689248430796646,0.396096559323565,0.15689248430796646,0.396096559323565
11,g0_jet_mach,3,0.06820137908851559,0.2611539375320916,0.06820137908851559,0.2611539375320916
11,g0_jet_mach,4,0.031844750554724174,0.1784509752137101,0.031844750554724174,0.1784509752137101
11,g0_jet_mach,5,0.01826048595830798,0.13513136556073124,0.01826048595830798,0.13513136556073124
11,g0_jet_mach,6,0.014885222412307154,0.12200500978364436,0.014885222412307154,0.12200500978364436
11,g0_jet_mach,7,0.00933457813649015,0.09661562056153317,0.00933457813649015,0.09661562056153317
11,g0_jet_mach,8,0.007401310224932703,0.08603086786109218,0.007401310224932703,0.08603086786109218
11,g0_jet_mach,9,0.009409723253074017,0.09700372803698844,0.009409723253074017,0.09700372803698844
11,g0_jet_mach,10,0.010687140017663214,0.10337862456844361,0.010687140017663214,0.10337862456844361
11,g1_pr,1,0.23601749928837473,0.48581632258331414,0.23601749928837473,0.48581632258331414
11,g1_pr,2,0.0909579223529859,0.3015923114951472,0.0909579223529859,0.3015923114951472
11,g1_pr,3,0.034407791681587696,0.1854933736864681,0.034407791681587696,0.1854933736864681
11,g1_pr,4,0.022021058957431127,0.14839494249276533,0.022021058957431127,0.14839494249276533
11,g1_pr,5,0.02295218096961352,0.15149977217677102,0.02295218096961352,0.15149977217677102
11,g1_pr,6,0.0165713353251869,0.1287296986914321,0.0165713353251869,0.1287296986914321
11,g1_pr,7,0.012147008346139708,0.11021346717230027,0.012147008346139708,0.11021346717230027
11,g1_pr,8,0.017739926972849804,0.13319131718265198,0.017739926972849804,0.13319131718265198
11,g1_pr,9,0.03359976749528538,0.18330239358853276,0.03359976749528538,0.18330239358853276
11,g1_pr,10,0.03837364759634842,0.19589192835935945,0.03837364759634842,0.19589192835935945
11,g2_pr,1,0.20667364956303078,0.45461373666336874,0.20667364956303078,0.45461373666336874
11,g2_pr,2,0.10898853906176308,0.33013412283761745,0.10898853906176308,0.33013412283761745
11,g2_pr,3,0.047383444510738955,0.2176773863099678,0.047383444510738955,0.2176773863099678
11,g2_pr,4,0.047318002209067345,0.217527014894857,0.047318002209067345,0.217527014894857
11,g2_pr,5,0.03849052815613421,0.19619003072565694,0.03849052815613421,0.19619003072565694
11,g2_pr,6,0.04603747151453386,0.21456344403120925,0.04603747151453386,0.21456344403120925
11,g2_pr,7,0.03608306755565784,0.18995543570968915,0.03608306755565784,0.18995543570968915
11,g2_pr,8,0.02773439523033713,0.16653646816939865,0.02773439523033713,0.16653646816939865
11,g2_pr,9,0.024996524951844054,0.1581028935593655,0.024996524951844054,0.1581028935593655
11,g2_pr,10,0.028344225731085648,0.16835743443960427,0.028344225731085648,0.16835743443960427
11,g3_pr,1,0.4209343100982634,0.6487945052929035,0.4209343100982634,0.6487945052929035
11,g3_pr,2,0.11426389708437702,0.3380294322753228,0.11426389708437702,0.3380294322753228
11,g3_pr,3,0.0637859624217857,0.25255882962546705,0.0637859624217857,0.25255882962546705
11,g3_pr,4,0.021101330110633917,0.14526296882080414,0.021101330110633917,0.14526296882080414
11,g3_pr,5,0.011798844016580419,0.10862248393670815,0.011798844016580419,0.10862248393670815
11,g3_pr,6,0.008074908803047781,0.08986049634320846,0.008074908803047781,0.08986049634320846
11,g3_pr,7,0.006337226923444012,0.07960670149832871,0.006337226923444012,0.07960670149832871
11,g3_pr,8,0.006833781604655087,0.08266668981309877,0.006833781604655087,0.08266668981309877
11,g3_pr,9,0.006904569348659028,0.08309373832400987,0.006904569348659028,0.08309373832400987
11,g3_pr,10,0.008595068875530904,0.09270959430140391,0.008595068875530904,0.09270959430140391
11,g4_pr_perc_sum,1,0.22052319009195676,0.46959896730290707,0.22052319009195676,0.46959896730290707
11,g4_pr_perc_sum,2,0.10543299246240746,0.3247044694216688,0.10543299246240746,0.3247044694216688
11,g4_pr_perc_sum,3,0.042717377062548294,0.20668182567063872,0.042717377062548294,0.20668182567063872
11,g4_pr_perc_sum,4,0.035460646719333126,0.18830997509248715,0.035460646719333126,0.18830997509248715
11,g4_pr_perc_sum,5,0.04071516450494528,0.2017799903482634,0.04071516450494528,0.2017799903482634
11,g4_pr_perc_sum,6,0.019819028506224804,0.1407800714100714,0.019819028506224804,0.1407800714100714
11,g4_pr_perc_sum,7,0.017047574468465013,0.1305663604013875,0.017047574468465013,0.1305663604013875
11,g4_pr_perc_sum,8,0.013648658355867321,0.11682747260754775,0.013648658355867321,0.11682747260754775
11,g4_pr_perc_sum,9,0.01604669689285484,0.12667555759835772,0.01604669689285484,0.12667555759835772
11,g4_pr_perc_sum,10,0.01599912459708073,0.12648764602553378,0.01599912459708073,0.12648764602553378
12,f0_tsfc,1,0.20569532364606857,0.453536463413989,0.20569532364606857,0.453536463413989
12,f0_tsfc,2,0.07129994898357174,0.26702050292734403,0.07129994898357174,0.26702050292734403
12,f0_tsfc,3,0.03148795190182599,0.17744844857542708,0.03148795190182599,0.17744844857542708
12,f0_tsfc,4,0.02089618391950022,0.1445551241551133,0.02089618391950022,0.1445551241551133
12,f0_tsfc,5,0.014109972737390886,0.11878540624753062,0.014109972737390886,0.11878540624753062
12,f0_tsfc,6,0.011761982734738425,0.10845267509258785,0.011761982734738425,0.10845267509258785
12,f0_tsfc,7,0.008420670320364561,0.091764210454646,0.008420670320364561,0.091764210454646
12,f0_tsfc,8,0.008728996829383752,0.09342910054893899,0.008728996829383752,0.09342910054893899
12,f0_tsfc,9,0.01317640671252527,0.11478853040493754,0.01317640671252527,0.11478853040493754
12,f0_tsfc,10,0.009008722273971547,0.0949142890926943,0.009008722273971547,0.0949142890926943
12,g0_jet_mach,1,0.37062225863337517,0.6087875316014407,0.37062225863337517,0.6087875316014407
12,g0_jet_mach,2,0.09761529483578422,0.3124344648654886,0.09761529483578422,0.3124344648654886
12,g0_jet_mach,3,0.025411372919651596,0.15940945053431305,0.025411372919651596,0.15940945053431305
12,g0_jet_mach,4,0.01621728331189264,0.12734709777569586,0.01621728331189264,0.12734709777569586
12,g0_jet_mach,5,0.011234678751365705,0.10599376751189526,0.011234678751365705,0.10599376751189526
12,g0_jet_mach,6,0.008907762440768156,0.09438094320766326,0.008907762440768156,0.09438094320766326
12,g0_jet_mach,7,0.008620723320001905,0.09284785037900396,0.008620723320001905,0.09284785037900396
12,g0_jet_mach,8,0.008681768699633803,0.09317600924934381,0.008681768699633803,0.09317600924934381
12,g0_jet_mach,9,0.013498839787313376,0.11618450751848707,0.013498839787313376,0.11618450751848707
12,g0_jet_mach,10,0.009574956789782102,0.09785170815975622,0.009574956789782102,0.09785170815975622
12,g1_pr,1,0.3352850976992737,0.5790380796625328,0.3352850976992737,0.5790380796625328
12,g1_pr,2,0.05042647834422744,0.22455840742271807,0.05042647834422744,0.22455840742271807
12,g1_pr,3,0.029055407101457768,0.17045646688071933,0.029055407101457768,0.17045646688071933
12,g1_pr,4,0.025882858190346848,0.16088150356814437,0.025882858190346848,0.16088150356814437
12,g1_pr,5,0.01883743021806533,0.13724951809775263,0.01883743021806533,0.13724951809775263
12,g1_pr,6,0.01341416015797718,0.1158195154452702,0.01341416015797718,0.1158195154452702
12,g1_pr,7,0.01613703433593566,0.1270316273057055,0.01613703433593566,0.1270316273057055
12,g1_pr,8,0.016000131610780954,0.1264916266429559,0.016000131610780954,0.1264916266429559
12,g1_pr,9,0.012386288181666961,0.1112937023450427,0.012386288181666961,0.1112937023450427
12,g1_pr,10,0.014593905250711197,0.12080523685135176,0.014593905250711197,0.12080523685135176
12,g2_pr,1,0.4258730514821681,0.6525894969137706,0.4258730514821681,0.6525894969137706
12,g2_pr,2,0.10619314683770592,0.3258728998209362,0.10619314683770592,0.3258728998209362
12,g2_pr,3,0.04212639260698448,0.20524715005812988,0.04212639260698448,0.20524715005812988
12,g2_pr,4,0.033386032435704364,0.18271845127327552,0.033386032435704364,0.18271845127327552
12,g2_pr,5,0.030559041368013077,0.17481144518598626,0.030559041368013077,0.17481144518598626
12,g2_pr,6,0.02611422428691929,0.16159896128044662,0.02611422428691929,0.16159896128044662
12,g2_pr,7,0.022336918183348396,0.14945540533332474,0.022336918183348396,0.14945540533332474
12,g2_pr,8,0.023649829397486014,0.15378501031467928,0.023649829397486014,0.15378501031467928
12,g2_pr,9,0.026193682316013357,0.16184462399478505,0.026193682316013357,0.16184462399478505
12,g2_pr,10,0.030403044752099297,0.17436468894847745,0.030403044752099297,0.17436468894847745
12,g3_pr,1,0.4836179402402856,0.6954264448813301,0.4836179402402856,0.6954264448813301
12,g3_pr,2,0.15998785591430284,0.39998481960482307,0.15998785591430284,0.39998481960482307
12,g3_pr,3,0.0313440484248779,0.17704250457129753,0.0313440484248779,0.17704250457129753
12,g3_pr,4,0.016201574884524398,0.12728540719392933,0.016201574884524398,0.12728540719392933
12,g3_pr,5,0.010089919838885015,0.10044859301595525,0.010089919838885015,0.10044859301595525
12,g3_pr,6,0.008463489738377657,0.09199722679721198,0.008463489738377657,0.09199722679721198
12,g3_pr,7,0.0051044266755608,0.07144527049120046,0.0051044266755608,0.07144527049120046
12,g3_pr,8,0.003528151168376842,0.05939824213204329,0.003528151168376842,0.05939824213204329
12,g3_pr,9,0.003348378136500039,0.05786517205107092,0.003348378136500039,0.05786517205107092
12,g3_pr,10,0.002642897862560031,0.05140912236714444,0.002642897862560031,0.05140912236714444
12,g4_pr_perc_sum,1,0.3466757745905356,0.5887917922241577,0.3466757745905356,0.5887917922241577
12,g4_pr_perc_sum,2,0.13680450694466179,0.3698709328193577,0.13680450694466179,0.3698709328193577
12,g4_pr_perc_sum,3,0.040790844200686974,0.20196743351512633,0.040790844200686974,0.20196743351512633
12,g4_pr_perc_sum,4,0.027525246820666573,0.16590734408297475,0.027525246820666573,0.16590734408297475
12,g4_pr_perc_sum,5,0.022157003764401783,0.14885228840834722,0.022157003764401783,0.14885228840834722
12,g4_pr_perc_sum,6,0.017472072335129433,0.1321819667546577,0.017472072335129433,0.1321819667546577
12,g4_pr_perc_sum,7,0.016715594779022715,0.1292888037651471,0.016715594779022715,0.1292888037651471
12,g4_pr_perc_sum,8,0.013421251565556635,0.11585012544471687,0.013421251565556635,0.11585012544471687
12,g4_pr_perc_sum,9,0.016996327025646515,0.1303699621294971,0.016996327025646515,0.1303699621294971
12,g4_pr_perc_sum,10,0.01821469991806556,0.13496184615685114,0.01821469991806556,0.13496184615685114
13,f0_tsfc,1,0.27263782677861553,0.5221473228683793,0.27263782677861553,0.5221473228683793
13,f0_tsfc,2,0.08159743621945381,0.285652649592917,0.08159743621945381,0.285652649592917
13,f0_tsfc,3,0.03614745871163905,0.190124850326408,0.03614745871163905,0.190124850326408
13,f0_tsfc,4,0.02721085185961177,0.16495712127583873,0.02721085185961177,0.16495712127583873
13,f0_tsfc,5,0.011963092256337404,0.1093759217393728,0.011963092256337404,0.1093759217393728
13,f0_tsfc,6,0.017963048691550892,0.1340262985072366,0.017963048691550892,0.1340262985072366
13,f0_tsfc,7,0.00921175405771161,0.09597788316956991,0.00921175405771161,0.09597788316956991
13,f0_tsfc,8,0.008977552002761513,0.09474994460558546,0.008977552002761513,0.09474994460558546
13,f0_tsfc,9,0.006766512417622532,0.08225881361667291,0.006766512417622532,0.08225881361667291
13,f0_tsfc,10,0.008080887123166272,0.08989375463938679,0.008080887123166272,0.08989375463938679
13,g0_jet_mach,1,0.17899988343318304,0.42308377826759447,0.17899988343318304,0.42308377826759447
13,g0_jet_mach,2,0.05323983356356621,0.2307375859359853,0.05323983356356621,0.2307375859359853
13,g0_jet_mach,3,0.03389071199732522,0.184094301914332,0.03389071199732522,0.184094301914332
13,g0_jet_mach,4,0.01970823706748585,0.14038602874747133,0.01970823706748585,0.14038602874747133
13,g0_jet_mach,5,0.017556798721974094,0.13250207063277952,0.017556798721974094,0.13250207063277952
13,g0_jet_mach,6,0.018859878783890355,0.13733127387412655,0.018859878783890355,0.13733127387412655
13,g0_jet_mach,7,0.013275005757653465,0.11521721120411423,0.013275005757653465,0.11521721120411423
13,g0_jet_mach,8,0.01645473833195865,0.12827602399497207,0.01645473833195865,0.12827602399497207
13,g0_jet_mach,9,0.01794734752426545,0.1339677107524998,0.01794734752426545,0.1339677107524998
13,g0_jet_mach,10,0.01388677281405156,0.11784215211057357,0.01388677281405156,0.11784215211057357
13,g1_pr,1,0.18828598440935215,0.43391932937972716,0.18828598440935215,0.43391932937972716
13,g1_pr,2,0.050552544998936355,0.22483893123508739,0.050552544998936355,0.22483893123508739
13,g1_pr,3,0.03801864759104016,0.19498371109156826,0.03801864759104016,0.19498371109156826
13,g1_pr,4,0.018987661770855386,0.13779572479164723,0.018987661770855386,0.13779572479164723
13,g1_pr,5,0.016394742822740227,0.12804195727471612,0.016394742822740227,0.12804195727471612
13,g1_pr,6,0.013222607124286393,0.11498959572190169,0.013222607124286393,0.11498959572190169
13,g1_pr,7,0.01251669907166312,0.1118780544685289,0.01251669907166312,0.1118780544685289
13,g1_pr,8,0.013914042967371643,0.11795780163843188,0.013914042967371643,0.11795780163843188
13,g1_pr,9,0.01683881985566889,0.1297644784047965,0.01683881985566889,0.1297644784047965
13,g1_pr,10,0.015163038158789277,0.12313828876019545,0.015163038158789277,0.12313828876019545
13,g2_pr,1,0.21264962650214633,0.4611394870341796,0.21264962650214633,0.4611394870341796
13,g2_pr,2,0.0737512504371504,0.2715718145116507,0.0737512504371504,0.2715718145116507
13,g2_pr,3,0.04377303567404548,0.20922006518029163,0.04377303567404548,0.20922006518029163
13,g2_pr,4,0.03005603374913335,0.17336676079668026,0.03005603374913335,0.17336676079668026
13,g2_pr,5,0.02252096663384388,0.15006987250558948,0.02252096663384388,0.15006987250558948
13,g2_pr,6,0.047741936054080725,0.21849928158710435,0.047741936054080725,0.21849928158710435
13,g2_pr,7,0.03938267123885453,0.19845067709346453,0.03938267123885453,0.19845067709346453
13,g2_pr,8,0.024171041751590867,0.15547038866482218,0.024171041751590867,0.15547038866482218
13,g2_pr,9,0.02507553140943249,0.15835255416137906,0.02507553140943249,0.15835255416137906
13,g2_pr,10,0.0214252489968203,0.14637366223750878,0.0214252489968203,0.14637366223750878
13,g3_pr,1,0.4275729072590669,0.6538905927286819,0.4275729072590669,0.6538905927286819
13,g3_pr,2,0.10327333227420847,0.321361684514829,0.10327333227420847,0.321361684514829
13,g3_pr,3,0.03839150032338997,0.19593749085713527,0.03839150032338997,0.19593749085713527
13,g3_pr,4,0.025537122118597228,0.15980338581706344,0.025537122118597228,0.15980338581706344
13,g3_pr,5,0.014442348794545978,0.12017632376864412,0.014442348794545978,0.12017632376864412
13,g3_pr,6,0.00728792896552477,0.08536936784072359,0.00728792896552477,0.08536936784072359
13,g3_pr,7,0.004272597839493149,0.06536511179133062,0.004272597839493149,0.06536511179133062
13,g3_pr,8,0.004342447306650381,0.06589724809618669,0.004342447306650381,0.06589724809618669
13,g3_pr,9,0.0021733419271185994,0.046619115469071264,0.0021733419271185994,0.046619115469071264
13,g3_pr,10,0.0018954530266152385,0.04353680083119611,0.0018954530266152385,0.04353680083119611
13,g4_pr_perc_sum,1,0.1936918099721273,0.4401043171477954,0.1936918099721273,0.4401043171477954
13,g4_pr_perc_sum,2,0.04666634020395577,0.21602393433125824,0.04666634020395577,0.21602393433125824
13,g4_pr_perc_sum,3,0.041705494513735175,0.20421923149824842,0.041705494513735175,0.20421923149824842
13,g4_pr_perc_sum,4,0.023718028018871944,0.1540065843360989,0.023718028018871944,0.1540065843360989
13,g4_pr_perc_sum,5,0.016562952582413953,0.12869713509792652,0.016562952582413953,0.12869713509792652
13,g4_pr_perc_sum,6,0.012525886597965533,0.11191910738549309,0.012525886597965533,0.11191910738549309
13,g4_pr_perc_sum,7,0.01217172019338856,0.1103255192300882,0.01217172019338856,0.1103255192300882
13,g4_pr_perc_sum,8,0.01125829319547241,0.10610510447416001,0.01125829319547241,0.10610510447416001
13,g4_pr_perc_sum,9,0.012569650386770567,0.11211445217620504,0.012569650386770567,0.11211445217620504
13,g4_pr_perc_sum,10,0.011961182065230483,0.10936718916215449,0.011961182065230483,0.10936718916215449
14,f0_tsfc,1,0.17989870819907922,0.4241446783811854,0.17989870819907922,0.4241446783811854
14,f0_tsfc,2,0.039193556715662665,0.1979736263133619,0.039193556715662665,0.1979736263133619
14,f0_tsfc,3,0.022307766458162896,0.1493578469922585,0.022307766458162896,0.1493578469922585
14,f0_tsfc,4,0.015308745885984255,0.12372851686650194,0.015308745885984255,0.12372851686650194
14,f0_tsfc,5,0.010162011075478334,0.10080680074021958,0.010162011075478334,0.10080680074021958
14,f0_tsfc,6,0.00901335202014217,0.09493867504943478,0.00901335202014217,0.09493867504943478
14,f0_tsfc,7,0.015119887888431549,0.12296295331697084,0.015119887888431549,0.12296295331697084
14,f0_tsfc,8,0.014238695023008265,0.11932600313011521,0.014238695023008265,0.11932600313011521
14,f0_tsfc,9,0.01012183443750613,0.10060732795132833,0.01012183443750613,0.10060732795132833
14,f0_tsfc,10,0.009826666648642948,0.09912954478178011,0.009826666648642948,0.09912954478178011
14,g0_jet_mach,1,0.1560714987034981,0.3950588547336942,0.1560714987034981,0.3950588547336942
14,g0_jet_mach,2,0.06364410972365966,0.2522778423160854,0.06364410972365966,0.2522778423160854
14,g0_jet_mach,3,0.028089819010347128,0.16760017604509586,0.028089819010347128,0.16760017604509586
14,g0_jet_mach,4,0.01668915206279892,0.1291865010858291,0.01668915206279892,0.1291865010858291
14,g0_jet_mach,5,0.01413295822791182,0.11888211904198133,0.01413295822791182,0.11888211904198133
14,g0_jet_mach,6,0.017265557884596862,0.13139846987159653,0.017265557884596862,0.13139846987159653
14,g0_jet_mach,7,0.024469331050148375,0.15642675938006378,0.024469331050148375,0.15642675938006378
14,g0_jet_mach,8,0.013349256961821364,0.11553898459750009,0.013349256961821364,0.11553898459750009
14,g0_jet_mach,9,0.011428445165690321,0.10690390622278646,0.011428445165690321,0.10690390622278646
14,g0_jet_mach,10,0.01144059500298821,0.10696071710206607,0.01144059500298821,0.10696071710206607
14,g1_pr,1,0.21769466501875565,0.46657760878417176,0.21769466501875565,0.46657760878417176
14,g1_pr,2,0.052063888332878165,0.22817512645526936,0.052063888332878165,0.22817512645526936
14,g1_pr,3,0.015391850942530884,0.12406389862700141,0.015391850942530884,0.12406389862700141
14,g1_pr,4,0.02069887346946276,0.14387103068186716,0.02069887346946276,0.14387103068186716
14,g1_pr,5,0.020553777164493043,0.14336588563704072,0.020553777164493043,0.14336588563704072
14,g1_pr,6,0.01385623054095329,0.11771249101498656,0.01385623054095329,0.11771249101498656
14,g1_pr,7,0.01425517975495985,0.1193950574980382,0.01425517975495985,0.1193950574980382
14,g1_pr,8,0.019332252263736267,0.1390404698774291,0.019332252263736267,0.1390404698774291
14,g1_pr,9,0.0164577940505786,0.12828793415819978,0.0164577940505786,0.12828793415819978
14,g1_pr,10,0.014654688429660521,0.1210565505442003,0.014654688429660521,0.1210565505442003
14,g2_pr,1,0.3057480931568604,0.5529449277793046,0.3057480931568604,0.5529449277793046
14,g2_pr,2,0.0449721688279309,0.2120664255084498,0.0449721688279309,0.2120664255084498
14,g2_pr,3,0.033854894196757905,0.18399699507534872,0.033854894196757905,0.18399699507534872
14,g2_pr,4,0.02860820687447603,0.16913960764550695,0.02860820687447603,0.16913960764550695
14,g2_pr,5,0.0351647397933098,0.18752263808220543,0.0351647397933098,0.18752263808220543
14,g2_pr,6,0.019114202318283226,0.13825412224698122,0.019114202318283226,0.13825412224698122
14,g2_pr,7,0.02358660366959297,0.15357930742646606,0.02358660366959297,0.15357930742646606
14,g2_pr,8,0.023362990826941453,0.15284956927299945,0.023362990826941453,0.15284956927299945
14,g2_pr,9,0.025672627612948418,0.160226800545191,0.025672627612948418,0.160226800545191
14,g2_pr,10,0.02255433600825759,0.15018101081114613,0.02255433600825759,0.15018101081114613
14,g3_pr,1,0.1329190916596697,0.36458070664760867,0.1329190916596697,0.36458070664760867
14,g3_pr,2,0.05110531515226914,0.22606484722811093,0.05110531515226914,0.22606484722811093
14,g3_pr,3,0.019154140654091652,0.13839848501371557,0.019154140654091652,0.13839848501371557
14,g3_pr,4,0.00930435141064943,0.09645906598474521,0.00930435141064943,0.09645906598474521
14,g3_pr,5,0.006559236704980811,0.08098911473143049,0.006559236704980811,0.08098911473143049
14,g3_pr,6,0.006485109083139553,0.08053017498515419,0.006485109083139553,0.08053017498515419
14,g3_pr,7,0.005924309429246932,0.07696953572191359,0.005924309429246932,0.07696953572191359
14,g3_pr,8,0.004254738428594114,0.06522835601633782,0.004254738428594114,0.06522835601633782
14,g3_pr,9,0.003187307868546878,0.05645624738279084,0.003187307868546878,0.05645624738279084
14,g3_pr,10,0.002599687675963371,0.05098713245480051,0.002599687675963371,0.05098713245480051
14,g4_pr_perc_sum,1,0.202779444364401,0.4503103866938903,0.202779444364401,0.4503103866938903
14,g4_pr_perc_sum,2,0.053793472452805594,0.2319341985408913,0.053793472452805594,0.2319341985408913
14,g4_pr_perc_sum,3,0.019491062571222965,0.1396103956416676,0.019491062571222965,0.1396103956416676
14,g4_pr_perc_sum,4,0.01780257237931857,0.1334262806920682,0.01780257237931857,0.1334262806920682
14,g4_pr_perc_sum,5,0.01969672999201486,0.14034503907162113,0.01969672999201486,0.14034503907162113
14,g4_pr_perc_sum,6,0.019437789075219862,0.1394194716501962,0.019437789075219862,0.1394194716501962
14,g4_pr_perc_sum,7,0.03328917565970467,0.18245321498867778,0.03328917565970467,0.18245321498867778
14,g4_pr_perc_sum,8,0.021854021183501642,0.1478310562212881,0.021854021183501642,0.1478310562212881
14,g4_pr_perc_sum,9,0.013896714251201887,0.11788432572315069,0.013896714251201887,0.11788432572315069
14,g4_pr_perc_sum,10,0.015184218699757297,0.12322426181461708,0.015184218699757297,0.12322426181461708
15,f0_tsfc,1,0.2127037226007535,0.46119813811501176,0.2127037226007535,0.46119813811501176
15,f0_tsfc,2,0.05065739613312941,0.22507197989338745,0.05065739613312941,0.22507197989338745
15,f0_tsfc,3,0.019888637587428093,0.14102708104271355,0.019888637587428093,0.14102708104271355
15,f0_tsfc,4,0.009226418709239135,0.09605424878285777,0.009226418709239135,0.09605424878285777
15,f0_tsfc,5,0.009564368331876513,0.09779758857904684,0.009564368331876513,0.09779758857904684
15,f0_tsfc,6,0.00990408850618853,0.09951928710651282,0.00990408850618853,0.09951928710651282
15,f0_tsfc,7,0.0087082604250799,0.09331806055142756,0.0087082604250799,0.09331806055142756
15,f0_tsfc,8,0.008158327384780232,0.09032345976976432,0.008158327384780232,0.09032345976976432
15,f0_tsfc,9,0.006814900176742902,0.08255240866711826,0.006814900176742902,0.08255240866711826
15,f0_tsfc,10,0.006137181037607102,0.07834016235371932,0.006137181037607102,0.07834016235371932
15,g0_jet_mach,1,0.2099665250056065,0.4582210438266738,0.2099665250056065,0.4582210438266738
15,g0_jet_mach,2,0.06795413319308025,0.2606801357853725,0.06795413319308025,0.2606801357853725
15,g0_jet_mach,3,0.026527876822421186,0.16287380643437172,0.026527876822421186,0.16287380643437172
15,g0_jet_mach,4,0.020942053112846155,0.1447136935913328,0.020942053112846155,0.1447136935913328
15,g0_jet_mach,5,0.018293758782629784,0.13525442241431437,0.018293758782629784,0.13525442241431437
15,g0_jet_mach,6,0.016738136370594684,0.12937594973794272,0.016738136370594684,0.12937594973794272
15,g0_jet_mach,7,0.015661740890489176,0.12514687727022666,0.015661740890489176,0.12514687727022666
15,g0_jet_mach,8,0.014875575076215543,0.12196546673634936,0.014875575076215543,0.12196546673634936
15,g0_jet_mach,9,0.015467494762001129,0.12436838328932771,0.015467494762001129,0.12436838328932771
15,g0_jet_mach,10,0.01563528459519148,0.1250411316135274,0.01563528459519148,0.1250411316135274
15,g1_pr,1,0.24400098593189165,0.4939645593885169,0.24400098593189165,0.4939645593885169
15,g1_pr,2,0.07350456886566602,0.2711172603610217,0.07350456886566602,0.2711172603610217
15,g1_pr,3,0.03538595845636267,0.18811155854003941,0.03538595845636267,0.18811155854003941
15,g1_pr,4,0.021104340656445578,0.14527333085066088,0.021104340656445578,0.14527333085066088
15,g1_pr,5,0.02227193070575595,0.14923783268915408,0.02227193070575595,0.14923783268915408
15,g1_pr,6,0.03225503876232184,0.1795968784871325,0.03225503876232184,0.1795968784871325
15,g1_pr,7,0.02281681362252969,0.1510523539125746,0.02281681362252969,0.1510523539125746
15,g1_pr,8,0.014449658893192044,0.12020673397606327,0.014449658893192044,0.12020673397606327
15,g1_pr,9,0.01086739383978196,0.10424679294722673,0.01086739383978196,0.10424679294722673
15,g1_pr,10,0.009740568357161604,0.0986943177551859,0.009740568357161604,0.0986943177551859
15,g2_pr,1,0.2837165049635447,0.5326504528896457,0.2837165049635447,0.5326504528896457
15,g2_pr,2,0.0995721137867524,0.31555049324434975,0.0995721137867524,0.31555049324434975
15,g2_pr,3,0.0394924281594845,0.19872701919840818,0.0394924281594845,0.19872701919840818
15,g2_pr,4,0.027344206276421364,0.1653608365859987,0.027344206276421364,0.1653608365859987
15,g2_pr,5,0.026539014724011604,0.162907994659598,0.026539014724011604,0.162907994659598
15,g2_pr,6,0.024358556964076482,0.15607228121635336,0.024358556964076482,0.15607228121635336
15,g2_pr,7,0.023842622346889514,0.15441056423344068,0.023842622346889514,0.15441056423344068
15,g2_pr,8,0.024099187853817757,0.15523913119383836,0.024099187853817757,0.15523913119383836
15,g2_pr,9,0.021222673034152158,0.14568003649832106,0.021222673034152158,0.14568003649832106
15,g2_pr,10,0.029012462339149073,0.17033045041667996,0.029012462339149073,0.17033045041667996
15,g3_pr,1,0.21974337559479934,0.46876793362473007,0.21974337559479934,0.46876793362473007
15,g3_pr,2,0.07924510771408677,0.2815050758229535,0.07924510771408677,0.2815050758229535
15,g3_pr,3,0.02592547037280523,0.1610138825468327,0.02592547037280523,0.1610138825468327
15,g3_pr,4,0.008559633995621251,0.09251829005997274,0.008559633995621251,0.09251829005997274
15,g3_pr,5,0.004995721271440674,0.07068041646340713,0.004995721271440674,0.07068041646340713
15,g3_pr,6,0.0036196244988017357,0.060163315224493204,0.0036196244988017357,0.060163315224493204
15,g3_pr,7,0.0025830031618869933,0.05082325414499738,0.0025830031618869933,0.05082325414499738
15,g3_pr,8,0.0029207471032770206,0.05404393678551758,0.0029207471032770206,0.05404393678551758
15,g3_pr,9,0.002493445799560644,0.04993441498166014,0.002493445799560644,0.04993441498166014
15,g3_pr,10,0.0027490055810910864,0.052430960138939726,0.0027490055810910864,0.052430960138939726
15,g4_pr_perc_sum,1,0.33511940504495913,0.578894986197807,0.33511940504495913,0.578894986197807
15,g4_pr_perc_sum,2,0.09652142771161519,0.3106789785479783,0.09652142771161519,0.3106789785479783
15,g4_pr_perc_sum,3,0.03751583640965132,0.19369005242823215,0.03751583640965132,0.19369005242823215
15,g4_pr_perc_sum,4,0.019949473870488312,0.14124260642769346,0.019949473870488312,0.14124260642769346
15,g4_pr_perc_sum,5,0.017573203461674545,0.13256395988983788,0.017573203461674545,0.13256395988983788
15,g4_pr_perc_sum,6,0.013121696332326302,0.11454997307867995,0.013121696332326302,0.11454997307867995
15,g4_pr_perc_sum,7,0.02037069058189025,0.14272592820468974,0.02037069058189025,0.14272592820468974
15,g4_pr_perc_sum,8,0.018569313634473544,0.13626926885572382,0.018569313634473544,0.13626926885572382
15,g4_pr_perc_sum,9,0.013748205607183851,0.11725274242926624,0.013748205607183851,0.11725274242926624
15,g4_pr_perc_sum,10,0.015276416706351133,0.12359780219061799,0.015276416706351133,0.12359780219061799
16,f0_tsfc,1,0.20931970727230823,0.45751470716503556,0.20931970727230823,0.45751470716503556
16,f0_tsfc,2,0.11286274596516575,0.3359505111845579,0.11286274596516575,0.3359505111845579
16,f0_tsfc,3,0.03161317768639752,0.17780094962175405,0.03161317768639752,0.17780094962175405
16,f0_tsfc,4,0.008803932761241282,0.09382927454287006,0.008803932761241282,0.09382927454287006
16,f0_tsfc,5,0.008958331167897475,0.09464846099064408,0.008958331167897475,0.09464846099064408
16,f0_tsfc,6,0.012100090256093867,0.11000041025420709,0.012100090256093867,0.11000041025420709
16,f0_tsfc,7,0.007225873871772949,0.08500514026676827,0.007225873871772949,0.08500514026676827
16,f0_tsfc,8,0.011618780537641473,0.10779044733946266,0.011618780537641473,0.10779044733946266
16,f0_tsfc,9,0.013646215782500803,0.11681701837703616,0.013646215782500803,0.11681701837703616
16,f0_tsfc,10,0.00783058620956061,0.08849059955475842,0.00783058620956061,0.08849059955475842
16,g0_jet_mach,1,0.19715506929372037,0.44402147391057606,0.19715506929372037,0.44402147391057606
16,g0_jet_mach,2,0.08722054545900651,0.2953312470075026,0.08722054545900651,0.2953312470075026
16,g0_jet_mach,3,0.029119121775563275,0.17064325880492107,0.029119121775563275,0.17064325880492107
16,g0_jet_mach,4,0.02120534560110952,0.1456205534981567,0.02120534560110952,0.1456205534981567
16,g0_jet_mach,5,0.022598769582275833,0.15032887141955079,0.022598769582275833,0.15032887141955079
16,g0_jet_mach,6,0.018281239084899426,0.13520813246583738,0.018281239084899426,0.13520813246583738
16,g0_jet_mach,7,0.016203760834676877,0.1272939937101389,0.016203760834676877,0.1272939937101389
16,g0_jet_mach,8,0.014697924322847809,0.12123499627932444,0.014697924322847809,0.12123499627932444
16,g0_jet_mach,9,0.014787314858819758,0.12160310382066634,0.014787314858819758,0.12160310382066634
16,g0_jet_mach,10,0.017306532843836715,0.1315542961816022,0.017306532843836715,0.1315542961816022
16,g1_pr,1,0.21648368132965906,0.4652780688251479,0.21648368132965906,0.4652780688251479
16,g1_pr,2,0.08145098183636687,0.2853961839905482,0.08145098183636687,0.2853961839905482
16,g1_pr,3,0.018482941535434554,0.1359519824623185,0.018482941535434554,0.1359519824623185
16,g1_pr,4,0.015931885822543075,0.12622157431494457,0.015931885822543075,0.12622157431494457
16,g1_pr,5,0.018345519102045467,0.13544563153548167,0.018345519102045467,0.13544563153548167
16,g1_pr,6,0.020600504630627774,0.14352875889739927,0.020600504630627774,0.14352875889739927
16,g1_pr,7,0.014559200465945261,0.12066151194952457,0.014559200465945261,0.12066151194952457
16,g1_pr,8,0.014520497221383266,0.12050102581050198,0.014520497221383266,0.12050102581050198
16,g1_pr,9,0.024558667742115046,0.15671205359548782,0.024558667742115046,0.15671205359548782
16,g1_pr,10,0.01566374587127939,0.12515488752453652,0.01566374587127939,0.12515488752453652
16,g2_pr,1,0.28100742479520185,0.5301013344589899,0.28100742479520185,0.5301013344589899
16,g2_pr,2,0.10660708409601025,0.3265074028196149,0.10660708409601025,0.3265074028196149
16,g2_pr,3,0.03563021469329085,0.18875967443628114,0.03563021469329085,0.18875967443628114
16,g2_pr,4,0.023855245472597226,0.15445143402570669,0.023855245472597226,0.15445143402570669
16,g2_pr,5,0.03476743247093899,0.18646027048928945,0.03476743247093899,0.18646027048928945
16,g2_pr,6,0.04472698810111199,0.21148756015688486,0.04472698810111199,0.21148756015688486
16,g2_pr,7,0.02649284087653671,0.16276621540275707,0.02649284087653671,0.16276621540275707
16,g2_pr,8,0.029438380783955966,0.1715761661302524,0.029438380783955966,0.1715761661302524
16,g2_pr,9,0.022769058721938303,0.15089419711154667,0.022769058721938303,0.15089419711154667
16,g2_pr,10,0.02347630658186972,0.15321979826990284,0.02347630658186972,0.15321979826990284
16,g3_pr,1,0.3432588633815093,0.5858829775488525,0.3432588633815093,0.5858829775488525
16,g3_pr,2,0.15540934038082405,0.39421991372941073,0.15540934038082405,0.39421991372941073
16,g3_pr,3,0.030749868135899305,0.17535640317906645,0.030749868135899305,0.17535640317906645
16,g3_pr,4,0.019200716400519013,0.1385666496690997,0.019200716400519013,0.1385666496690997
16,g3_pr,5,0.010380396719223686,0.10188423194598704,0.010380396719223686,0.10188423194598704
16,g3_pr,6,0.004644434944826311,0.0681500913046073,0.004644434944826311,0.0681500913046073
16,g3_pr,7,0.0042016357682379225,0.06482002598146597,0.0042016357682379225,0.06482002598146597
16,g3_pr,8,0.0027520189760252833,0.05245968905764962,0.0027520189760252833,0.05245968905764962
16,g3_pr,9,0.0021029276010397424,0.04585768857061749,0.0021029276010397424,0.04585768857061749
16,g3_pr,10,0.0018150059560347082,0.04260288671011283,0.0018150059560347082,0.04260288671011283
16,g4_pr_perc_sum,1,0.1665392882589783,0.40809225459322096,0.1665392882589783,0.40809225459322096
16,g4_pr_perc_sum,2,0.05155489014993821,0.22705701960066815,0.05155489014993821,0.22705701960066815
16,g4_pr_perc_sum,3,0.0239764222143484,0.15484321817357194,0.0239764222143484,0.15484321817357194
16,g4_pr_perc_sum,4,0.01667531844161983,0.1291329487064391,0.01667531844161983,0.1291329487064391
16,g4_pr_perc_sum,5,0.022064121373529946,0.14853996557670918,0.022064121373529946,0.14853996557670918
16,g4_pr_perc_sum,6,0.01852252274069802,0.13609747514446408,0.01852252274069802,0.13609747514446408
16,g4_pr_perc_sum,7,0.01380606003138902,0.11749919162015124,0.01380606003138902,0.11749919162015124
16,g4_pr_perc_sum,8,0.010645565472909116,0.10317734961176855,0.010645565472909116,0.10317734961176855
16,g4_pr_perc_sum,9,0.010334859718568623,0.10166051209082425,0.010334859718568623,0.10166051209082425
16,g4_pr_perc_sum,10,0.018225889020998563,0.13500329263021166,0.018225889020998563,0.13500329263021166
17,f0_tsfc,1,0.20772024533445282,0.4557633655028153,0.20772024533445282,0.4557633655028153
17,f0_tsfc,2,0.061921603844634125,0.24884051889640907,0.061921603844634125,0.24884051889640907
17,f0_tsfc,3,0.016537370958498547,0.12859770977159177,0.016537370958498547,0.12859770977159177
17,f0_tsfc,4,0.013087445687103485,0.11440037450595818,0.013087445687103485,0.11440037450595818
17,f0_tsfc,5,0.012601585759382163,0.1122567849146864,0.012601585759382163,0.1122567849146864
17,f0_tsfc,6,0.007684758382051119,0.08766275367595476,0.007684758382051119,0.08766275367595476
17,f0_tsfc,7,0.009117537527345121,0.09548579751641142,0.009117537527345121,0.09548579751641142
17,f0_tsfc,8,0.01070168855533536,0.10344896594618701,0.01070168855533536,0.10344896594618701
17,f0_tsfc,9,0.0073324732781787005,0.08562986207030057,0.0073324732781787005,0.08562986207030057
17,f0_tsfc,10,0.00662396997047056,0.08138777531343734,0.00662396997047056,0.08138777531343734
17,g0_jet_mach,1,0.2032354257202574,0.4508163991252508,0.2032354257202574,0.4508163991252508
17,g0_jet_mach,2,0.04844958847388625,0.22011267222467282,0.04844958847388625,0.22011267222467282
17,g0_jet_mach,3,0.023218221363744566,0.1523752649341243,0.023218221363744566,0.1523752649341243
17,g0_jet_mach,4,0.019319879223725626,0.13899596837220002,0.019319879223725626,0.13899596837220002
17,g0_jet_mach,5,0.016573153037045683,0.12873675868626522,0.016573153037045683,0.12873675868626522
17,g0_jet_mach,6,0.016150695737451315,0.12708538758429827,0.016150695737451315,0.12708538758429827
17,g0_jet_mach,7,0.01917585264891386,0.1384769029438262,0.01917585264891386,0.1384769029438262
17,g0_jet_mach,8,0.022692857709314142,0.15064148734433733,0.022692857709314142,0.15064148734433733
17,g0_jet_mach,9,0.02074312701422189,0.14402474445115981,0.02074312701422189,0.14402474445115981
17,g0_jet_mach,10,0.01705584186129272,0.13059801629922532,0.01705584186129272,0.13059801629922532
17,g1_pr,1,0.1872537120112351,0.43272821956885954,0.1872537120112351,0.43272821956885954
17,g1_pr,2,0.046039585955441,0.21456837128393597,0.046039585955441,0.21456837128393597
17,g1_pr,3,0.018181855590747937,0.1348401112086012,0.018181855590747937,0.1348401112086012
17,g1_pr,4,0.020704608477119888,0.14389096037319332,0.020704608477119888,0.14389096037319332
17,g1_pr,5,0.018870605056041052,0.137370320870416,0.018870605056041052,0.137370320870416
17,g1_pr,6,0.011276890257639545,0.10619270341054297,0.011276890257639545,0.10619270341054297
17,g1_pr,7,0.012195120775556591,0.11043152075180615,0.012195120775556591,0.11043152075180615
17,g1_pr,8,0.01980664096689517,0.14073606846468026,0.01980664096689517,0.14073606846468026
17,g1_pr,9,0.020745609371390725,0.1440333620082192,0.020745609371390725,0.1440333620082192
17,g1_pr,10,0.01078338161875893,0.10384306244886525,0.01078338161875893,0.10384306244886525
17,g2_pr,1,0.15047912592334406,0.3879163903772874,0.15047912592334406,0.3879163903772874
17,g2_pr,2,0.05584396954093661,0.2363132868480666,0.05584396954093661,0.2363132868480666
17,g2_pr,3,0.03383661267746772,0.18394730951407723,0.03383661267746772,0.18394730951407723
17,g2_pr,4,0.033875888446345925,0.18405403675645346,0.033875888446345925,0.18405403675645346
17,g2_pr,5,0.033405191132000515,0.18277087057843905,0.033405191132000515,0.18277087057843905
17,g2_pr,6,0.030359750147908926,0.17424049514366322,0.030359750147908926,0.17424049514366322
17,g2_pr,7,0.03325476823374629,0.18235889951890555,0.03325476823374629,0.18235889951890555
17,g2_pr,8,0.021982104317950352,0.14826363113707405,0.021982104317950352,0.14826363113707405
17,g2_pr,9,0.02354132169525006,0.1534318144820365,0.02354132169525006,0.1534318144820365
17,g2_pr,10,0.024170841156904186,0.1554697435416428,0.024170841156904186,0.1554697435416428
17,g3_pr,1,0.21363817295059562,0.46221009611495467,0.21363817295059562,0.46221009611495467
17,g3_pr,2,0.039275635832122395,0.19818081600428028,0.039275635832122395,0.19818081600428028
17,g3_pr,3,0.015019841591960617,0.12255546332971295,0.015019841591960617,0.12255546332971295
17,g3_pr,4,0.009540340098153268,0.0976746645663719,0.009540340098153268,0.0976746645663719
17,g3_pr,5,0.005182046335124012,0.07198643160432397,0.005182046335124012,0.07198643160432397
17,g3_pr,6,0.004482498932962439,0.06695146699634325,0.004482498932962439,0.06695146699634325
17,g3_pr,7,0.004834360538682502,0.06952956593192929,0.004834360538682502,0.06952956593192929
17,g3_pr,8,0.0032003259860045674,0.05657142375797667,0.0032003259860045674,0.05657142375797667
17,g3_pr,9,0.006221050554553845,0.07887363662564219,0.006221050554553845,0.07887363662564219
17,g3_pr,10,0.004337995022069663,0.06586345741053731,0.004337995022069663,0.06586345741053731
17,g4_pr_perc_sum,1,0.20694691581385477,0.45491418510951576,0.20694691581385477,0.45491418510951576
17,g4_pr_perc_sum,2,0.044497214390763214,0.21094362846685655,0.044497214390763214,0.21094362846685655
17,g4_pr_perc_sum,3,0.022830131596752574,0.1510964314494309,0.022830131596752574,0.1510964314494309
17,g4_pr_perc_sum,4,0.018206116452347487,0.13493004280866247,0.018206116452347487,0.13493004280866247
17,g4_pr_perc_sum,5,0.014535911514290742,0.12056496802260075,0.014535911514290742,0.12056496802260075
17,g4_pr_perc_sum,6,0.014893581625074148,0.12203926263737482,0.014893581625074148,0.12203926263737482
17,g4_pr_perc_sum,7,0.013008924533746071,0.11405667246481492,0.013008924533746071,0.11405667246481492
17,g4_pr_perc_sum,8,0.011419127412539507,0.10686031729570855,0.011419127412539507,0.10686031729570855
17,g4_pr_perc_sum,9,0.012172644720911714,0.11032970914903979,0.012172644720911714,0.11032970914903979
17,g4_pr_perc_sum,10,0.012096136375995619,0.10998243667056853,0.012096136375995619,0.10998243667056853
18,f0_tsfc,1,0.17005267264321447,0.4123744325770142,0.17005267264321447,0.4123744325770142
18,f0_tsfc,2,0.02578425525377194,0.16057476530816397,0.02578425525377194,0.16057476530816397
18,f0_tsfc,3,0.010353801706029724,0.10175363239722562,0.010353801706029724,0.10175363239722562
18,f0_tsfc,4,0.008698091054490457,0.09326355694745112,0.008698091054490457,0.09326355694745112
18,f0_tsfc,5,0.008164504449814558,0.09035764743404157,0.008164504449814558,0.09035764743404157
18,f0_tsfc,6,0.006734286271966994,0.08206269720138983,0.006734286271966994,0.08206269720138983
18,f0_tsfc,7,0.008319211596002182,0.09120971218023978,0.008319211596002182,0.09120971218023978
18,f0_tsfc,8,0.007091955794021487,0.08421375062317013,0.007091955794021487,0.08421375062317013
18,f0_tsfc,9,0.008360646036453544,0.09143656837640805,0.008360646036453544,0.09143656837640805
18,f0_tsfc,10,0.007062048045918345,0.08403599256222506,0.007062048045918345,0.08403599256222506
18,g0_jet_mach,1,0.26331910242636997,0.5131462778062119,0.26331910242636997,0.5131462778062119
18,g0_jet_mach,2,0.052914702085157236,0.2300319588343264,0.052914702085157236,0.2300319588343264
18,g0_jet_mach,3,0.03080605504413446,0.17551653780807797,0.03080605504413446,0.17551653780807797
18,g0_jet_mach,4,0.023253242159262298,0.15249013790820146,0.023253242159262298,0.15249013790820146
18,g0_jet_mach,5,0.0198160010157153,0.14076931844587193,0.0198160010157153,0.14076931844587193
18,g0_jet_mach,6,0.02190551652262608,0.14800512329857396,0.02190551652262608,0.14800512329857396
18,g0_jet_mach,7,0.019627811511357625,0.14009929161618778,0.019627811511357625,0.14009929161618778
18,g0_jet_mach,8,0.018915250121305387,0.13753272381984363,0.018915250121305387,0.13753272381984363
18,g0_jet_mach,9,0.020063498554130397,0.14164567961688912,0.020063498554130397,0.14164567961688912
18,g0_jet_mach,10,0.01625526991362373,0.12749615646608226,0.01625526991362373,0.12749615646608226
18,g1_pr,1,0.184354996184508,0.4293658069577828,0.184354996184508,0.4293658069577828
18,g1_pr,2,0.037076281973471244,0.19255202407004515,0.037076281973471244,0.19255202407004515
18,g1_pr,3,0.01312736952677369,0.11457473336985642,0.01312736952677369,0.11457473336985642
18,g1_pr,4,0.014831862427915137,0.12178613397228412,0.014831862427915137,0.12178613397228412
18,g1_pr,5,0.016273281231406145,0.1275667716586343,0.016273281231406145,0.1275667716586343
18,g1_pr,6,0.01113976864144206,0.10554510240386362,0.01113976864144206,0.10554510240386362
18,g1_pr,7,0.011077160861653586,0.1052480919620569,0.011077160861653586,0.1052480919620569
18,g1_pr,8,0.014598850777838379,0.12082570412721946,0.014598850777838379,0.12082570412721946
18,g1_pr,9,0.015680137276649474,0.12522035488150268,0.015680137276649474,0.12522035488150268
18,g1_pr,10,0.01979604723552863,0.1406984265566912,0.01979604723552863,0.1406984265566912
18,g2_pr,1,0.22703166181842485,0.47647839596189967,0.22703166181842485,0.47647839596189967
18,g2_pr,2,0.03494370145102342,0.18693234458226704,0.03494370145102342,0.18693234458226704
18,g2_pr,3,0.03018661125873526,0.17374294592510875,0.03018661125873526,0.17374294592510875
18,g2_pr,4,0.031519580042610566,0.17753754544492995,0.031519580042610566,0.17753754544492995
18,g2_pr,5,0.024070838823293646,0.15514779670782838,0.024070838823293646,0.15514779670782838
18,g2_pr,6,0.026516646247667572,0.16283932647756674,0.026516646247667572,0.16283932647756674
18,g2_pr,7,0.024521781162669263,0.15659432033975326,0.024521781162669263,0.15659432033975326
18,g2_pr,8,0.03638118741412957,0.19073853154024642,0.03638118741412957,0.19073853154024642
18,g2_pr,9,0.027153345701905588,0.16478272270449226,0.027153345701905588,0.16478272270449226
18,g2_pr,10,0.0312740016495809,0.1768445691831697,0.0312740016495809,0.1768445691831697
18,g3_pr,1,0.21625868181387584,0.46503621559387803,0.21625868181387584,0.46503621559387803
18,g3_pr,2,0.03192902971059084,0.1786869601022717,0.03192902971059084,0.1786869601022717
18,g3_pr,3,0.01695377443296214,0.13020666047849527,0.01695377443296214,0.13020666047849527
18,g3_pr,4,0.010138004846915767,0.10068765985420343,0.010138004846915767,0.10068765985420343
18,g3_pr,5,0.0064863313998406134,0.08053776381201935,0.0064863313998406134,0.08053776381201935
18,g3_pr,6,0.008911025337874889,0.09439822740854242,0.008911025337874889,0.09439822740854242
18,g3_pr,7,0.004535484881762386,0.06734600865502266,0.004535484881762386,0.06734600865502266
18,g3_pr,8,0.005483250374284884,0.07404897281046431,0.005483250374284884,0.07404897281046431
18,g3_pr,9,0.0029517571014973025,0.05433007547847971,0.0029517571014973025,0.05433007547847971
18,g3_pr,10,0.0023900841653812675,0.048888487043283184,0.0023900841653812675,0.048888487043283184
18,g4_pr_perc_sum,1,0.22074535191059114,0.4698354519516286,0.22074535191059114,0.4698354519516286
18,g4_pr_perc_sum,2,0.04202077463269234,0.20498969396701958,0.04202077463269234,0.20498969396701958
18,g4_pr_perc_sum,3,0.016991235160579283,0.13035043214573278,0.016991235160579283,0.13035043214573278
18,g4_pr_perc_sum,4,0.01803364527101318,0.1342894086330459,0.01803364527101318,0.1342894086330459
18,g4_pr_perc_sum,5,0.011249948224091592,0.10606577310372839,0.011249948224091592,0.10606577310372839
18,g4_pr_perc_sum,6,0.010329239644731085,0.10163286695125295,0.010329239644731085,0.10163286695125295
18,g4_pr_perc_sum,7,0.009717052149062511,0.09857510917601112,0.009717052149062511,0.09857510917601112
18,g4_pr_perc_sum,8,0.02855075243860483,0.16896967905102037,0.02855075243860483,0.16896967905102037
18,g4_pr_perc_sum,9,0.021696168991426627,0.14729619476220907,0.021696168991426627,0.14729619476220907
18,g4_pr_perc_sum,10,0.01705986267576615,0.13061340924945705,0.01705986267576615,0.13061340924945705
19,f0_tsfc,1,0.2402332601758341,0.4901359609086382,0.2402332601758341,0.4901359609086382
19,f0_tsfc,2,0.04349267116437356,0.2085489658674278,0.04349267116437356,0.2085489658674278
19,f0_tsfc,3,0.017110641580075026,0.13080765107620818,0.017110641580075026,0.13080765107620818
19,f0_tsfc,4,0.008845476610197996,0.0940503939927845,0.008845476610197996,0.0940503939927845
19,f0_tsfc,5,0.008294064567113917,0.09107175504575454,0.008294064567113917,0.09107175504575454
19,f0_tsfc,6,0.009789407424007853,0.09894143431347584,0.009789407424007853,0.09894143431347584
19,f0_tsfc,7,0.007353266375139356,0.08575118876808271,0.007353266375139356,0.08575118876808271
19,f0_tsfc,8,0.006605589902028442,0.08127478023365207,0.006605589902028442,0.08127478023365207
19,f0_tsfc,9,0.009921093036731084,0.09960468380920189,0.009921093036731084,0.09960468380920189
19,f0_tsfc,10,0.008402976766228675,0.09166775205179123,0.008402976766228675,0.09166775205179123
19,g0_jet_mach,1,0.21206477731466294,0.46050491562486384,0.21206477731466294,0.46050491562486384
19,g0_jet_mach,2,0.048729957764347395,0.220748630266073,0.048729957764347395,0.220748630266073
19,g0_jet_mach,3,0.024527611831823986,0.15661293634889803,0.024527611831823986,0.15661293634889803
19,g0_jet_mach,4,0.022202714967230957,0.14900575481246003,0.022202714967230957,0.14900575481246003
19,g0_jet_mach,5,0.027659774323304496,0.16631227953252428,0.027659774323304496,0.16631227953252428
19,g0_jet_mach,6,0.01846208469942212,0.1358752541834683,0.01846208469942212,0.1358752541834683
19,g0_jet_mach,7,0.01766043370589614,0.13289256452449152,0.01766043370589614,0.13289256452449152
19,g0_jet_mach,8,0.020190163888037203,0.14209209650095675,0.020190163888037203,0.14209209650095675
19,g0_jet_mach,9,0.019850170457114777,0.14089063296441953,0.019850170457114777,0.14089063296441953
19,g0_jet_mach,10,0.020212196558713914,0.1421696049045432,0.020212196558713914,0.1421696049045432
19,g1_pr,1,0.23210667377958696,0.48177450511581343,0.23210667377958696,0.48177450511581343
19,g1_pr,2,0.06034974791109562,0.2456618568502152,0.06034974791109562,0.2456618568502152
19,g1_pr,3,0.03107912903651595,0.17629273676619792,0.03107912903651595,0.17629273676619792
19,g1_pr,4,0.02539115665325274,0.15934602804354034,0.02539115665325274,0.15934602804354034
19,g1_pr,5,0.012348503099444012,0.1111238187763722,0.012348503099444012,0.1111238187763722
19,g1_pr,6,0.011325032873234402,0.1064191377207803,0.011325032873234402,0.1064191377207803
19,g1_pr,7,0.010576015384867788,0.10283975585768272,0.010576015384867788,0.10283975585768272
19,g1_pr,8,0.010508442584735652,0.10251069497733226,0.010508442584735652,0.10251069497733226
19,g1_pr,9,0.0111834651324898,0.10575190368258058,0.0111834651324898,0.10575190368258058
19,g1_pr,10,0.014082995220087468,0.11867179622845299,0.014082995220087468,0.11867179622845299
19,g2_pr,1,0.33628694725533326,0.5799025325477837,0.33628694725533326,0.5799025325477837
19,g2_pr,2,0.07883522187670072,0.28077610631373306,0.07883522187670072,0.28077610631373306
19,g2_pr,3,0.04593176224734634,0.21431696677432316,0.04593176224734634,0.21431696677432316
19,g2_pr,4,0.029176670002440612,0.1708117970236266,0.029176670002440612,0.1708117970236266
19,g2_pr,5,0.026656813298662502,0.16326914374327595,0.026656813298662502,0.16326914374327595
19,g2_pr,6,0.026736845448613166,0.1635140527557591,0.026736845448613166,0.1635140527557591
19,g2_pr,7,0.020466551197265894,0.14306135466039002,0.020466551197265894,0.14306135466039002
19,g2_pr,8,0.02248358844468991,0.1499452848364693,0.02248358844468991,0.1499452848364693
19,g2_pr,9,0.026040564632664125,0.16137089152837983,0.026040564632664125,0.16137089152837983
19,g2_pr,10,0.034616551951815684,0.1860552389797602,0.034616551951815684,0.1860552389797602
19,g3_pr,1,0.3859741351256768,0.6212681668375395,0.3859741351256768,0.6212681668375395
19,g3_pr,2,0.05444125185410182,0.23332649196801855,0.05444125185410182,0.23332649196801855
19,g3_pr,3,0.017963672635960392,0.1340286261809782,0.017963672635960392,0.1340286261809782
19,g3_pr,4,0.013535864309718211,0.11634373343553236,0.013535864309718211,0.11634373343553236
19,g3_pr,5,0.005431654180089633,0.07369975698799577,0.005431654180089633,0.07369975698799577
19,g3_pr,6,0.004501702448275561,0.06709472742530193,0.004501702448275561,0.06709472742530193
19,g3_pr,7,0.0022764168679714203,0.04771181057108837,0.0022764168679714203,0.04771181057108837
19,g3_pr,8,0.0021413417516062813,0.04627463399753996,0.0021413417516062813,0.04627463399753996
19,g3_pr,9,0.0026491242955671624,0.05146964440878878,0.0026491242955671624,0.05146964440878878
19,g3_pr,10,0.001848225437667376,0.0429909925178214,0.001848225437667376,0.0429909925178214
19,g4_pr_perc_sum,1,0.16387973402937253,0.4048206195704124,0.16387973402937253,0.4048206195704124
19,g4_pr_perc_sum,2,0.06287574263600011,0.2507503591941597,0.06287574263600011,0.2507503591941597
19,g4_pr_perc_sum,3,0.029378650166715186,0.1714020133099818,0.029378650166715186,0.1714020133099818
19,g4_pr_perc_sum,4,0.030632085306569933,0.1750202425623103,0.030632085306569933,0.1750202425623103
19,g4_pr_perc_sum,5,0.023821323271840812,0.15434157985403937,0.023821323271840812,0.15434157985403937
19,g4_pr_perc_sum,6,0.014635317369053762,0.12097651577497907,0.014635317369053762,0.12097651577497907
19,g4_pr_perc_sum,7,0.01157387977776428,0.10758196771654756,0.01157387977776428,0.10758196771654756
19,g4_pr_perc_sum,8,0.016475124292386074,0.12835546070341564,0.016475124292386074,0.12835546070341564
19,g4_pr_perc_sum,9,0.012694345305984218,0.11266918525481676,0.012694345305984218,0.11266918525481676
19,g4_pr_perc_sum,10,0.012575588189065456,0.11214093003478015,0.012575588189065456,0.11214093003478015
20,f0_tsfc,1,0.14102306279043356,0.3755303753232667,0.14102306279043356,0.3755303753232667
20,f0_tsfc,2,0.03567862218866746,0.1888878561175055,0.03567862218866746,0.1888878561175055
20,f0_tsfc,3,0.02550238212570548,0.15969465277743486,0.02550238212570548,0.15969465277743486
20,f0_tsfc,4,0.010981563952130576,0.10479295755025991,0.010981563952130576,0.10479295755025991
20,f0_tsfc,5,0.010957456100732088,0.10467786824697993,0.010957456100732088,0.10467786824697993
20,f0_tsfc,6,0.007991233025677502,0.08939369678941296,0.007991233025677502,0.08939369678941296
20,f0_tsfc,7,0.008682337403297425,0.09317906097024924,0.008682337403297425,0.09317906097024924
20,f0_tsfc,8,0.0076484695542603735,0.08745552900909338,0.0076484695542603735,0.08745552900909338
20,f0_tsfc,9,0.009792046000560125,0.09895476744735508,0.009792046000560125,0.09895476744735508
20,f0_tsfc,10,0.006931017727280656,0.08325273405288655,0.006931017727280656,0.08325273405288655
20,g0_jet_mach,1,0.17081328369677068,0.4132956371615489,0.17081328369677068,0.4132956371615489
20,g0_jet_mach,2,0.05153714052091042,0.22701792995468534,0.05153714052091042,0.22701792995468534
20,g0_jet_mach,3,0.03795448560267687,0.19481910995248097,0.03795448560267687,0.19481910995248097
20,g0_jet_mach,4,0.01972134429961443,0.14043270381080908,0.01972134429961443,0.14043270381080908
20,g0_jet_mach,5,0.01955830054357648,0.13985099407432355,0.01955830054357648,0.13985099407432355
20,g0_jet_mach,6,0.01777526844913761,0.13332392301885512,0.01777526844913761,0.13332392301885512
20,g0_jet_mach,7,0.018444798576335113,0.1358116290173088,0.018444798576335113,0.1358116290173088
20,g0_jet_mach,8,0.02069136838739117,0.14384494564422892,0.02069136838739117,0.14384494564422892
20,g0_jet_mach,9,0.018073813493053117,0.13443888385825403,0.018073813493053117,0.13443888385825403
20,g0_jet_mach,10,0.018991594575345515,0.1378099944682733,0.018991594575345515,0.1378099944682733
20,g1_pr,1,0.32074401785309115,0.5663426682257758,0.32074401785309115,0.5663426682257758
20,g1_pr,2,0.07202897379174829,0.268382141342803,0.07202897379174829,0.268382141342803
20,g1_pr,3,0.031618462316691874,0.17781581008642589,0.031618462316691874,0.17781581008642589
20,g1_pr,4,0.024033532780595123,0.1550275226551567,0.024033532780595123,0.1550275226551567
20,g1_pr,5,0.018492011295165867,0.13598533485330638,0.018492011295165867,0.13598533485330638
20,g1_pr,6,0.01658139207477992,0.12876875426430093,0.01658139207477992,0.12876875426430093
20,g1_pr,7,0.014556336604679624,0.12064964403047207,0.014556336604679624,0.12064964403047207
20,g1_pr,8,0.009144636104853514,0.09562759070923786,0.009144636104853514,0.09562759070923786
20,g1_pr,9,0.010187792234743635,0.10093459384543851,0.010187792234743635,0.10093459384543851
20,g1_pr,10,0.009021168039180339,0.09497982964387933,0.009021168039180339,0.09497982964387933
20,g2_pr,1,0.2616119099160035,0.5114801168334929,0.2616119099160035,0.5114801168334929
20,g2_pr,2,0.08239261818428835,0.28704114371338535,0.08239261818428835,0.28704114371338535
20,g2_pr,3,0.03402905358622472,0.18446965491978543,0.03402905358622472,0.18446965491978543
20,g2_pr,4,0.026639110532899697,0.16321492129367246,0.026639110532899697,0.16321492129367246
20,g2_pr,5,0.02466733508432905,0.15705838113366968,0.02466733508432905,0.15705838113366968
20,g2_pr,6,0.024705554482837518,0.15718000662564408,0.024705554482837518,0.15718000662564408
20,g2_pr,7,0.023231726263960202,0.15241957309991458,0.023231726263960202,0.15241957309991458
20,g2_pr,8,0.023245642303178708,0.15246521669934657,0.023245642303178708,0.15246521669934657
20,g2_pr,9,0.021594490266094606,0.1469506388761022,0.021594490266094606,0.1469506388761022
20,g2_pr,10,0.02230959196264545,0.14936395804425326,0.02230959196264545,0.14936395804425326
20,g3_pr,1,0.15683517493307592,0.396024210034028,0.15683517493307592,0.396024210034028
20,g3_pr,2,0.03582785640222331,0.18928247780030594,0.03582785640222331,0.18928247780030594
20,g3_pr,3,0.019538640230894088,0.1397806861869482,0.019538640230894088,0.1397806861869482
20,g3_pr,4,0.005388770958719155,0.07340824857411567,0.005388770958719155,0.07340824857411567
20,g3_pr,5,0.0040450082664998865,0.06360037945248351,0.0040450082664998865,0.06360037945248351
20,g3_pr,6,0.004551584339545419,0.06746543070006608,0.004551584339545419,0.06746543070006608
20,g3_pr,7,0.003274860846189161,0.05722639990589274,0.003274860846189161,0.05722639990589274
20,g3_pr,8,0.003407868655631319,0.05837695312048513,0.003407868655631319,0.05837695312048513
20,g3_pr,9,0.006053147038134436,0.07780197322776869,0.006053147038134436,0.07780197322776869
20,g3_pr,10,0.004916512329752247,0.07011784601477891,0.004916512329752247,0.07011784601477891
20,g4_pr_perc_sum,1,0.2553931730488936,0.5053643963012171,0.2553931730488936,0.5053643963012171
20,g4_pr_perc_sum,2,0.06429326559106509,0.2535611673562517,0.06429326559106509,0.2535611673562517
20,g4_pr_perc_sum,3,0.042691609387596446,0.20661947969055688,0.042691609387596446,0.20661947969055688
20,g4_pr_perc_sum,4,0.02162732429181536,0.1470623143154471,0.02162732429181536,0.1470623143154471
20,g4_pr_perc_sum,5,0.013596873264759779,0.11660563135955218,0.013596873264759779,0.11660563135955218
20,g4_pr_perc_sum,6,0.01091175121255219,0.10445932803034964,0.01091175121255219,0.10445932803034964
20,g4_pr_perc_sum,7,0.012326600262895226,0.11102522354354989,0.012326600262895226,0.11102522354354989
20,g4_pr_perc_sum,8,0.011785345974688728,0.10856033333906417,0.011785345974688728,0.10856033333906417
20,g4_pr_perc_sum,9,0.011807818974678716,0.10866378870018621,0.011807818974678716,0.10866378870018621
20,g4_pr_perc_sum,10,0.010174880836469431,0.10087061433573918,0.010174880836469431,0.10087061433573918
21,f0_tsfc,1,0.0948696774430573,0.30800921649044416,0.0948696774430573,0.30800921649044416
21,f0_tsfc,2,0.016281742020510137,0.12759992954743407,0.016281742020510137,0.12759992954743407
21,f0_tsfc,3,0.009091444801015314,0.09534906817067125,0.009091444801015314,0.09534906817067125
21,f0_tsfc,4,0.010180119832511991,0.10089657988510806,0.010180119832511991,0.10089657988510806
21,f0_tsfc,5,0.010330134857213125,0.10163727100435709,0.010330134857213125,0.10163727100435709
21,f0_tsfc,6,0.010094846235006116,0.10047311200020688,0.010094846235006116,0.10047311200020688
21,f0_tsfc,7,0.010682946842280217,0.10335834190949571,0.010682946842280217,0.10335834190949571
21,f0_tsfc,8,0.009136265696724877,0.09558381503541735,0.009136265696724877,0.09558381503541735
21,f0_tsfc,9,0.011038046795874834,0.10506210923008749,0.011038046795874834,0.10506210923008749
21,f0_tsfc,10,0.007906805753009394,0.08892022128295338,0.007906805753009394,0.08892022128295338
21,g0_jet_mach,1,0.27454910275992006,0.5239743340660113,0.27454910275992006,0.5239743340660113
21,g0_jet_mach,2,0.04689454199979082,0.21655147655878687,0.04689454199979082,0.21655147655878687
21,g0_jet_mach,3,0.02321141876745969,0.15235294144669373,0.02321141876745969,0.15235294144669373
21,g0_jet_mach,4,0.01935713627608493,0.13912992588255385,0.01935713627608493,0.13912992588255385
21,g0_jet_mach,5,0.017931089998455718,0.1339070199745171,0.017931089998455718,0.1339070199745171
21,g0_jet_mach,6,0.021069781330879778,0.1451543362455279,0.021069781330879778,0.1451543362455279
21,g0_jet_mach,7,0.022567313280887902,0.15022421003582578,0.022567313280887902,0.15022421003582578
21,g0_jet_mach,8,0.021644767082761973,0.1471216064443356,0.021644767082761973,0.1471216064443356
21,g0_jet_mach,9,0.015302043233532459,0.12370142777483395,0.015302043233532459,0.12370142777483395
21,g0_jet_mach,10,0.01632234186399728,0.12775892087833743,0.01632234186399728,0.12775892087833743
21,g1_pr,1,0.1423778182361275,0.37732985335926905,0.1423778182361275,0.37732985335926905
21,g1_pr,2,0.039664769370574504,0.1991601600987871,0.039664769370574504,0.1991601600987871
21,g1_pr,3,0.02239014553197194,0.14963337038231792,0.02239014553197194,0.14963337038231792
21,g1_pr,4,0.010560652848653262,0.10276503709264773,0.010560652848653262,0.10276503709264773
21,g1_pr,5,0.014654553990112618,0.12105599526711851,0.014654553990112618,0.12105599526711851
21,g1_pr,6,0.010147754564968636,0.10073606387470495,0.010147754564968636,0.10073606387470495
21,g1_pr,7,0.01348252581374254,0.1161142791121856,0.01348252581374254,0.1161142791121856
21,g1_pr,8,0.009269251808291301,0.09627695367164096,0.009269251808291301,0.09627695367164096
21,g1_pr,9,0.014675515776616521,0.12114254321507585,0.014675515776616521,0.12114254321507585
21,g1_pr,10,0.010917107472778298,0.10448496290269858,0.010917107472778298,0.10448496290269858
21,g2_pr,1,0.14008854806888849,0.3742840473075075,0.14008854806888849,0.3742840473075075
21,g2_pr,2,0.08109379099914804,0.2847697157338681,0.08109379099914804,0.2847697157338681
21,g2_pr,3,0.04355059741646983,0.2086877989161557,0.04355059741646983,0.2086877989161557
21,g2_pr,4,0.035435431404039264,0.18824301156759915,0.035435431404039264,0.18824301156759915
21,g2_pr,5,0.02244770005927421,0.14982556543952774,0.02244770005927421,0.14982556543952774
21,g2_pr,6,0.021267453528707847,0.14583365019332076,0.021267453528707847,0.14583365019332076
21,g2_pr,7,0.020468401577090845,0.1430678215990264,0.020468401577090845,0.1430678215990264
21,g2_pr,8,0.020716858591185883,0.14393352142981108,0.020716858591185883,0.14393352142981108
21,g2_pr,9,0.021288213771185838,0.1459048106512799,0.021288213771185838,0.1459048106512799
21,g2_pr,10,0.025653766613686457,0.16016793253859044,0.025653766613686457,0.16016793253859044
21,g3_pr,1,0.15677113248966634,0.39594334505035733,0.15677113248966634,0.39594334505035733
21,g3_pr,2,0.06391312836785801,0.25281045937195323,0.06391312836785801,0.25281045937195323
21,g3_pr,3,0.03485939506208524,0.18670670866919925,0.03485939506208524,0.18670670866919925
21,g3_pr,4,0.0184198371716775,0.1357197007500293,0.0184198371716775,0.1357197007500293
21,g3_pr,5,0.004938053685691557,0.07027128635290204,0.004938053685691557,0.07027128635290204
21,g3_pr,6,0.0025686275421321625,0.05068162923715222,0.0025686275421321625,0.05068162923715222
21,g3_pr,7,0.002887411683332175,0.05373464137157868,0.002887411683332175,0.05373464137157868
21,g3_pr,8,0.0023036460752337007,0.047996313142091455,0.0023036460752337007,0.047996313142091455
21,g3_pr,9,0.0028686287469099625,0.05355958128019638,0.0028686287469099625,0.05355958128019638
21,g3_pr,10,0.002262421091018041,0.0475649144960657,0.002262421091018041,0.0475649144960657
21,g4_pr_perc_sum,1,0.1742805390385911,0.41746920729389264,0.1742805390385911,0.41746920729389264
21,g4_pr_perc_sum,2,0.05985805962700397,0.2446590681479106,0.05985805962700397,0.2446590681479106
21,g4_pr_perc_sum,3,0.05455385474488139,0.23356766630867679,0.05455385474488139,0.23356766630867679
21,g4_pr_perc_sum,4,0.019115767267066985,0.1382597818133205,0.019115767267066985,0.1382597818133205
21,g4_pr_perc_sum,5,0.013977685593999922,0.11822726248205158,0.013977685593999922,0.11822726248205158
21,g4_pr_perc_sum,6,0.018866318714572117,0.13735471857410694,0.018866318714572117,0.13735471857410694
21,g4_pr_perc_sum,7,0.011913465888937935,0.10914882449636339,0.011913465888937935,0.10914882449636339
21,g4_pr_perc_sum,8,0.013379101845202968,0.11566806752601587,0.013379101845202968,0.11566806752601587
21,g4_pr_perc_sum,9,0.011540255989530124,0.10742558349634469,0.011540255989530124,0.10742558349634469
21,g4_pr_perc_sum,10,0.011722457100404426,0.1082702964824814,0.011722457100404426,0.1082702964824814
22,f0_tsfc,1,0.12894612079595819,0.3590906860334283,0.12894612079595819,0.3590906860334283
22,f0_tsfc,2,0.03055199613685117,0.17479129308078012,0.03055199613685117,0.17479129308078012
22,f0_tsfc,3,0.013701672117938013,0.11705414182308123,0.013701672117938013,0.11705414182308123
22,f0_tsfc,4,0.008001953007324654,0.08945363607659922,0.008001953007324654,0.08945363607659922
22,f0_tsfc,5,0.00842858848901575,0.09180734441762135,0.00842858848901575,0.09180734441762135
22,f0_tsfc,6,0.007834323695586884,0.08851171501889953,0.007834323695586884,0.08851171501889953
22,f0_tsfc,7,0.00800311574986314,0.08946013497565908,0.00800311574986314,0.08946013497565908
22,f0_tsfc,8,0.006324030321967953,0.07952377205570642,0.006324030321967953,0.07952377205570642
22,f0_tsfc,9,0.008632692847373512,0.09291228577197697,0.008632692847373512,0.09291228577197697
22,f0_tsfc,10,0.012097612982067992,0.10998914938332777,0.012097612982067992,0.10998914938332777
22,g0_jet_mach,1,0.1287802904844284,0.3588597086389449,0.1287802904844284,0.3588597086389449
22,g0_jet_mach,2,0.0630477845449658,0.2510931790092391,0.0630477845449658,0.2510931790092391
22,g0_jet_mach,3,0.02441058905028245,0.1562388845655346,0.02441058905028245,0.1562388845655346
22,g0_jet_mach,4,0.02255714838119114,0.1501903737966956,0.02255714838119114,0.1501903737966956
22,g0_jet_mach,5,0.02199649898444905,0.14831216735133046,0.02199649898444905,0.14831216735133046
22,g0_jet_mach,6,0.023981413694427293,0.15485933518657277,0.023981413694427293,0.15485933518657277
22,g0_jet_mach,7,0.019792295170619208,0.14068509221171663,0.019792295170619208,0.14068509221171663
22,g0_jet_mach,8,0.017778288381283775,0.13333524808273234,0.017778288381283775,0.13333524808273234
22,g0_jet_mach,9,0.018912430030896384,0.13752247100345596,0.018912430030896384,0.13752247100345596
22,g0_jet_mach,10,0.015395339441430919,0.12407795711338464,0.015395339441430919,0.12407795711338464
22,g1_pr,1,0.15177344300729387,0.3895811122311936,0.15177344300729387,0.3895811122311936
22,g1_pr,2,0.04284607386216521,0.20699293191354437,0.04284607386216521,0.20699293191354437
22,g1_pr,3,0.026656855541445753,0.16326927310870762,0.026656855541445753,0.16326927310870762
22,g1_pr,4,0.02120945862877895,0.14563467522804777,0.02120945862877895,0.14563467522804777
22,g1_pr,5,0.017216488369740546,0.13121161674844398,0.017216488369740546,0.13121161674844398
22,g1_pr,6,0.01598525305470342,0.126432800549159,0.01598525305470342,0.126432800549159
22,g1_pr,7,0.010721382489838801,0.10354410890938606,0.010721382489838801,0.10354410890938606
22,g1_pr,8,0.013216814327546778,0.11496440461093503,0.013216814327546778,0.11496440461093503
22,g1_pr,9,0.010880877369987395,0.10431144409884946,0.010880877369987395,0.10431144409884946
22,g1_pr,10,0.009517957059228244,0.09756001772872043,0.009517957059228244,0.09756001772872043
22,g2_pr,1,0.185943567467963,0.43121174319348377,0.185943567467963,0.43121174319348377
22,g2_pr,2,0.04215320769478293,0.2053124635641561,0.04215320769478293,0.2053124635641561
22,g2_pr,3,0.03338796305744087,0.1827237342477459,0.03338796305744087,0.1827237342477459
22,g2_pr,4,0.02464183145596454,0.1569771685818181,0.02464183145596454,0.1569771685818181
22,g2_pr,5,0.02836593591115054,0.16842189854989326,0.02836593591115054,0.16842189854989326
22,g2_pr,6,0.03502144231734907,0.1871401675679197,0.03502144231734907,0.1871401675679197
22,g2_pr,7,0.02923038705964299,0.17096896519439717,0.02923038705964299,0.17096896519439717
22,g2_pr,8,0.02906652446836233,0.1704890743372206,0.02906652446836233,0.1704890743372206
22,g2_pr,9,0.024913610157775965,0.15784045792437365,0.024913610157775965,0.15784045792437365
22,g2_pr,10,0.0350734068573836,0.1872789546569064,0.0350734068573836,0.1872789546569064
22,g3_pr,1,0.20644894066978903,0.4543665267928405,0.20644894066978903,0.4543665267928405
22,g3_pr,2,0.037260909948278874,0.19303085232231368,0.037260909948278874,0.19303085232231368
22,g3_pr,3,0.010164977037621772,0.10082151078823294,0.010164977037621772,0.10082151078823294
22,g3_pr,4,0.00578532656928634,0.07606133425917758,0.00578532656928634,0.07606133425917758
22,g3_pr,5,0.002976203631774029,0.05455459313177974,0.002976203631774029,0.05455459313177974
22,g3_pr,6,0.0022066891377856817,0.046975409926744455,0.0022066891377856817,0.046975409926744455
22,g3_pr,7,0.003875360028092366,0.06225238973800416,0.003875360028092366,0.06225238973800416
22,g3_pr,8,0.003787785939707914,0.061544991182937984,0.003787785939707914,0.061544991182937984
22,g3_pr,9,0.0028813975873430643,0.05367865113192641,0.0028813975873430643,0.05367865113192641
22,g3_pr,10,0.010493026210871689,0.10243547340092538,0.010493026210871689,0.10243547340092538
22,g4_pr_perc_sum,1,0.16649759254034827,0.40804116525216944,0.16649759254034827,0.40804116525216944
22,g4_pr_perc_sum,2,0.05501637744772084,0.23455570222810793,0.05501637744772084,0.23455570222810793
22,g4_pr_perc_sum,3,0.024647958028842423,0.1569966815854476,0.024647958028842423,0.1569966815854476
22,g4_pr_perc_sum,4,0.017839444855995038,0.1335643846839233,0.017839444855995038,0.1335643846839233
22,g4_pr_perc_sum,5,0.014947707792196204,0.12226081871227676,0.014947707792196204,0.12226081871227676
22,g4_pr_perc_sum,6,0.02083475063281024,0.1443424768833147,0.02083475063281024,0.1443424768833147
22,g4_pr_perc_sum,7,0.015838662765043622,0.12585174915369124,0.015838662765043622,0.12585174915369124
22,g4_pr_perc_sum,8,0.01653020771439461,0.12856985538762425,0.01653020771439461,0.12856985538762425
22,g4_pr_perc_sum,9,0.019820855026516843,0.1407865584014214,0.019820855026516843,0.1407865584014214
22,g4_pr_perc_sum,10,0.03631749343784416,0.19057149167135196,0.03631749343784416,0.19057149167135196
23,f0_tsfc,1,0.20491569697418632,0.4526761502157876,0.20491569697418632,0.4526761502157876
23,f0_tsfc,2,0.03133847337106571,0.17702675891250372,0.03133847337106571,0.17702675891250372
23,f0_tsfc,3,0.018448893391691586,0.1358267035295033,0.018448893391691586,0.1358267035295033
23,f0_tsfc,4,0.007311689948170062,0.08550842033490072,0.007311689948170062,0.08550842033490072
23,f0_tsfc,5,0.007404940332943464,0.08605196298134903,0.007404940332943464,0.08605196298134903
23,f0_tsfc,6,0.006569121758837034,0.0810501188082845,0.006569121758837034,0.0810501188082845
23,f0_tsfc,7,0.008284330505001195,0.09101829763844847,0.008284330505001195,0.09101829763844847
23,f0_tsfc,8,0.013537582160685869,0.11635111585492366,0.013537582160685869,0.11635111585492366
23,f0_tsfc,9,0.012940636014237124,0.11375691633583043,0.012940636014237124,0.11375691633583043
23,f0_tsfc,10,0.009295317905900232,0.09641222902671752,0.009295317905900232,0.09641222902671752
23,g0_jet_mach,1,0.23657206862288363,0.4863867479926685,0.23657206862288363,0.4863867479926685
23,g0_jet_mach,2,0.035112328224760646,0.1873828386612836,0.035112328224760646,0.1873828386612836
23,g0_jet_mach,3,0.0223785951076185,0.149594769653282,0.0223785951076185,0.149594769653282
23,g0_jet_mach,4,0.01750532482915065,0.13230768998493872,0.01750532482915065,0.13230768998493872
23,g0_jet_mach,5,0.0227498744669206,0.15083061515130342,0.0227498744669206,0.15083061515130342
23,g0_jet_mach,6,0.025779125992866123,0.16055879294783615,0.025779125992866123,0.16055879294783615
23,g0_jet_mach,7,0.019037861979621297,0.13797775900347597,0.019037861979621297,0.13797775900347597
23,g0_jet_mach,8,0.016964238739627248,0.13024683773369414,0.016964238739627248,0.13024683773369414
23,g0_jet_mach,9,0.016127698698683697,0.1269948766631304,0.016127698698683697,0.1269948766631304
23,g0_jet_mach,10,0.015883882283507025,0.12603127502134948,0.015883882283507025,0.12603127502134948
23,g1_pr,1,0.1931244507431984,0.43945927085817454,0.1931244507431984,0.43945927085817454
23,g1_pr,2,0.0472581077243804,0.2173892999307473,0.0472581077243804,0.2173892999307473
23,g1_pr,3,0.020279333652818903,0.1424055253591619,0.020279333652818903,0.1424055253591619
23,g1_pr,4,0.014876452836153261,0.12196906507862254,0.014876452836153261,0.12196906507862254
23,g1_pr,5,0.032474974225110864,0.18020814139519575,0.032474974225110864,0.18020814139519575
23,g1_pr,6,0.013520487844396164,0.11627763260574307,0.013520487844396164,0.11627763260574307
23,g1_pr,7,0.010411817518829861,0.10203831397484898,0.010411817518829861,0.10203831397484898
23,g1_pr,8,0.013256624638897312,0.11513741632891243,0.013256624638897312,0.11513741632891243
23,g1_pr,9,0.01657199369305197,0.128732255837657,0.01657199369305197,0.128732255837657
23,g1_pr,10,0.011909710893900517,0.10913162187881438,0.011909710893900517,0.10913162187881438
23,g2_pr,1,0.18146720057462945,0.4259896719107512,0.18146720057462945,0.4259896719107512
23,g2_pr,2,0.042532036957495356,0.20623296767853425,0.042532036957495356,0.20623296767853425
23,g2_pr,3,0.02429590283838265,0.1558714304751921,0.02429590283838265,0.1558714304751921
23,g2_pr,4,0.023035288021406707,0.15177380545208288,0.023035288021406707,0.15177380545208288
23,g2_pr,5,0.020234038327437115,0.14224640005088746,0.020234038327437115,0.14224640005088746
23,g2_pr,6,0.023723274510463372,0.15402361672958914,0.023723274510463372,0.15402361672958914
23,g2_pr,7,0.023353835184346226,0.1528196164906398,0.023353835184346226,0.1528196164906398
23,g2_pr,8,0.022636453319779214,0.1504541568710523,0.022636453319779214,0.1504541568710523
23,g2_pr,9,0.025760410873986343,0.16050050116428405,0.025760410873986343,0.16050050116428405
23,g2_pr,10,0.033662746989113444,0.1834741044101686,0.033662746989113444,0.1834741044101686
23,g3_pr,1,0.24868225278880665,0.49868051173953715,0.24868225278880665,0.49868051173953715
23,g3_pr,2,0.02960400569581372,0.17205814626402818,0.02960400569581372,0.17205814626402818
23,g3_pr,3,0.010019835413378827,0.10009912793515649,0.010019835413378827,0.10009912793515649
23,g3_pr,4,0.005157266538042356,0.07181411099527972,0.005157266538042356,0.07181411099527972
23,g3_pr,5,0.004032461092506042,0.06350166212396367,0.004032461092506042,0.06350166212396367
23,g3_pr,6,0.003560765468351105,0.05967214985528094,0.003560765468351105,0.05967214985528094
23,g3_pr,7,0.004131022928049788,0.06427303422159085,0.004131022928049788,0.06427303422159085
23,g3_pr,8,0.0038481821881278474,0.062033718154950596,0.0038481821881278474,0.062033718154950596
23,g3_pr,9,0.004533651709447012,0.06733239717585444,0.004533651709447012,0.06733239717585444
23,g3_pr,10,0.0023758117664221894,0.04874229956026069,0.0023758117664221894,0.04874229956026069
23,g4_pr_perc_sum,1,0.2214200058951974,0.47055287258202705,0.2214200058951974,0.47055287258202705
23,g4_pr_perc_sum,2,0.03512027607682873,0.187404044985237,0.03512027607682873,0.187404044985237
23,g4_pr_perc_sum,3,0.017904279013986096,0.1338068720730968,0.017904279013986096,0.1338068720730968
23,g4_pr_perc_sum,4,0.01547724545440253,0.12440757796212629,0.01547724545440253,0.12440757796212629
23,g4_pr_perc_sum,5,0.03102449670105296,0.17613772083529683,0.03102449670105296,0.17613772083529683
23,g4_pr_perc_sum,6,0.015874209430287865,0.12599289436427702,0.015874209430287865,0.12599289436427702
23,g4_pr_perc_sum,7,0.016695538713761112,0.12921121744554964,0.016695538713761112,0.12921121744554964
23,g4_pr_perc_sum,8,0.0144377902341897,0.12015735613848076,0.0144377902341897,0.12015735613848076
23,g4_pr_perc_sum,9,0.016412782345843667,0.12811238170389178,0.016412782345843667,0.12811238170389178
23,g4_pr_perc_sum,10,0.015929513980689293,0.12621217841670151,0.015929513980689293,0.12621217841670151
