fit_index,output,epoch,mse,rmse,mse_scaled,rmse_scaled
1,f0_failure_rate,1,0.8210612336794535,0.906124292621853,0.8210612336794535,0.906124292621853
1,f0_failure_rate,2,0.3337818781534831,0.5777385898081269,0.3337818781534831,0.5777385898081269
1,f0_failure_rate,3,0.1586317221323649,0.3982859803361962,0.1586317221323649,0.3982859803361962
1,f0_failure_rate,4,0.08313789591193199,0.28833642834704737,0.08313789591193199,0.28833642834704737
1,f0_failure_rate,5,0.09790677577257156,0.31290058448742397,0.09790677577257156,0.31290058448742397
1,f0_failure_rate,6,0.09381903211275737,0.3062989260718316,0.09381903211275737,0.3062989260718316
1,f0_failure_rate,7,0.0602354866762956,0.2454291887210965,0.0602354866762956,0.2454291887210965
1,f0_failure_rate,8,0.03505292721092701,0.18722426982345802,0.03505292721092701,0.18722426982345802
1,f0_failure_rate,9,0.030478402351339657,0.17458064712716487,0.030478402351339657,0.17458064712716487
1,f0_failure_rate,10,0.03174713688592116,0.1781772625390826,0.03174713688592116,0.1781772625390826
1,f1_mass,1,0.34105224907398224,0.5839967885819084,0.34105224907398224,0.5839967885819084
1,f1_mass,2,0.23826287190119425,0.4881217797857357,0.23826287190119425,0.4881217797857357
1,f1_mass,3,0.06518648068110149,0.25531643245412444,0.06518648068110149,0.25531643245412444
1,f1_mass,4,0.10222517202297847,0.31972671459072427,0.10222517202297847,0.31972671459072427
1,f1_mass,5,0.036134982792039715,0.19009203768711544,0.036134982792039715,0.19009203768711544
1,f1_mass,6,0.02448980479190747,0.1564921876385766,0.02448980479190747,0.1564921876385766
1,f1_mass,7,0.03016053947309653,0.17366789995015353,0.03016053947309653,0.17366789995015353
1,f1_mass,8,0.019488553516566753,0.13960140943617566,0.019488553516566753,0.13960140943617566
1,f1_mass,9,0.014082698772350946,0.11867054719832949,0.014082698772350946,0.11867054719832949
1,f1_mass,10,0.008372156880795956,0.09149949115047556,0.008372156880795956,0.09149949115047556
2,f0_failure_rate,1,0.6022744327783585,0.7760634205903268,0.6022744327783585,0.7760634205903268
2,f0_failure_rate,2,0.19763829186558723,0.4445652841434959,0.19763829186558723,0.4445652841434959
2,f0_failure_rate,3,0.08145703002810478,0.28540677992665975,0.08145703002810478,0.28540677992665975
2,f0_failure_rate,4,0.09651500731706619,0.31066864553260953,0.09651500731706619,0.31066864553260953
2,f0_failure_rate,5,0.09239023178815842,0.30395761511789504,0.09239023178815842,0.30395761511789504
2,f0_failure_rate,6,0.08766907174140215,0.29608963464025917,0.08766907174140215,0.29608963464025917
2,f0_failure_rate,7,0.0655261604115367,0.25598078133238183,0.0655261604115367,0.25598078133238183
2,f0_failure_rate,8,0.07543201558291912,0.27464889510595,0.07543201558291912,0.27464889510595
2,f0_failure_rate,9,0.03685046825557947,0.191964757847839,0.03685046825557947,0.191964757847839
2,f0_failure_rate,10,0.015791146317496896,0.12566282790665223,0.015791146317496896,0.12566282790665223
2,f1_mass,1,0.5956967584788799,0.7718139403242726,0.5956967584788799,0.7718139403242726
2,f1_mass,2,0.35756977647542953,0.5979713843282382,0.35756977647542953,0.5979713843282382
2,f1_mass,3,0.18789162952452898,0.43346468082708767,0.18789162952452898,0.43346468082708767
2,f1_mass,4,0.19844363257288933,0.44547012534275443,0.19844363257288933,0.44547012534275443
2,f1_mass,5,0.053481975104659796,0.23126170263288254,0.053481975104659796,0.23126170263288254
2,f1_mass,6,0.09497368149459362,0.30817800293757763,0.09497368149459362,0.30817800293757763
2,f1_mass,7,0.04010838083922863,0.20027076880870215,0.04010838083922863,0.20027076880870215
2,f1_mass,8,0.029459056677296758,0.17163640836750446,0.029459056677296758,0.17163640836750446
2,f1_mass,9,0.0336679732427001,0.18348834634030603,0.0336679732427001,0.18348834634030603
2,f1_mass,10,0.01209756825119257,0.10998894604092072,0.01209756825119257,0.10998894604092072
3,f0_failure_rate,1,0.675378292798996,0.8218140256767318,0.675378292798996,0.8218140256767318
3,f0_failure_rate,2,0.1996245004236698,0.44679357697226335,0.1996245004236698,0.44679357697226335
3,f0_failure_rate,3,0.11606201492249965,0.34067875619489346,0.11606201492249965,0.34067875619489346
3,f0_failure_rate,4,0.050891805440187454,0.22559212184867505,0.050891805440187454,0.22559212184867505
3,f0_failure_rate,5,0.019936092011630536,0.1411952265893948,0.019936092011630536,0.1411952265893948
3,f0_failure_rate,6,0.025894909910857678,0.16091895447975568,0.025894909910857678,0.16091895447975568
3,f0_failure_rate,7,0.01871170587837696,0.1367907375459938,0.01871170587837696,0.1367907375459938
3,f0_failure_rate,8,0.01871146382763982,0.13678985279486128,0.01871146382763982,0.13678985279486128
3,f0_failure_rate,9,0.015236630383878947,0.12343674648936169,0.015236630383878947,0.12343674648936169
3,f0_failure_rate,10,0.010457888012751937,0.10226381575489904,0.010457888012751937,0.10226381575489904
3,f1_mass,1,0.5994663417339325,0.7742521176812709,0.5994663417339325,0.7742521176812709
3,f1_mass,2,0.1272242397069931,0.3566850707655047,0.1272242397069931,0.3566850707655047
3,f1_mass,3,0.06001556776463986,0.24498074978381434,0.06001556776463986,0.24498074978381434
3,f1_mass,4,0.0439525043591857,0.20964852577393836,0.0439525043591857,0.20964852577393836
3,f1_mass,5,0.030679810186848046,0.17515653052869037,0.030679810186848046,0.17515653052869037
3,f1_mass,6,0.026065927045419813,0.1614494566278246,0.026065927045419813,0.1614494566278246
3,f1_mass,7,0.018388030165806413,0.1356024710903397,0.018388030165806413,0.1356024710903397
3,f1_mass,8,0.012884961813688279,0.11351194568717549,0.012884961813688279,0.11351194568717549
3,f1_mass,9,0.00772365527227521,0.08788432893454447,0.00772365527227521,0.08788432893454447
3,f1_mass,10,0.0027679356280714273,0.05261117398491909,0.0027679356280714273,0.05261117398491909
4,f0_failure_rate,1,0.480135773619016,0.6929183022687566,0.480135773619016,0.6929183022687566
4,f0_failure_rate,2,0.13411682968338332,0.36621964677415014,0.13411682968338332,0.36621964677415014
4,f0_failure_rate,3,0.08522824260095756,0.2919387651562525,0.08522824260095756,0.2919387651562525
4,f0_failure_rate,4,0.03838200215250254,0.195913251600045,0.03838200215250254,0.195913251600045
4,f0_failure_rate,5,0.03509681454549233,0.18734143840990528,0.03509681454549233,0.18734143840990528
4,f0_failure_rate,6,0.024510125319163006,0.15655709922952393,0.024510125319163006,0.15655709922952393
4,f0_failure_rate,7,0.036957189751168094,0.19224252846643505,0.036957189751168094,0.19224252846643505
4,f0_failure_rate,8,0.018907333724200726,0.13750394075880418,0.018907333724200726,0.13750394075880418
4,f0_failure_rate,9,0.021338491545369227,0.14607700553259306,0.021338491545369227,0.14607700553259306
4,f0_failure_rate,10,0.01938844673956434,0.13924240280735012,0.01938844673956434,0.13924240280735012
4,f1_mass,1,0.2705238771935304,0.5201190990470648,0.2705238771935304,0.5201190990470648
4,f1_mass,2,0.11610379318396251,0.34074006688964903,0.11610379318396251,0.34074006688964903
4,f1_mass,3,0.044117447920143604,0.21004153855878985,0.044117447920143604,0.21004153855878985
4,f1_mass,4,0.03750033971543113,0.1936500444498558,0.03750033971543113,0.1936500444498558
4,f1_mass,5,0.03617809146332244,0.19020539283448942,0.03617809146332244,0.19020539283448942
4,f1_mass,6,0.026220217968026798,0.16192658203033497,0.026220217968026798,0.16192658203033497
4,f1_mass,7,0.015192836445445815,0.12325922458560988,0.015192836445445815,0.12325922458560988
4,f1_mass,8,0.007970816999052962,0.0892794321165461,0.007970816999052962,0.0892794321165461
4,f1_mass,9,0.007145794341340661,0.08453280038742748,0.007145794341340661,0.08453280038742748
4,f1_mass,10,0.003025289198073248,0.05500262901055956,0.003025289198073248,0.05500262901055956
5,f0_failure_rate,1,0.5676649297986712,0.7534354184657576,0.5676649297986712,0.7534354184657576
5,f0_failure_rate,2,0.11420539713331632,0.3379428903429044,0.11420539713331632,0.3379428903429044
5,f0_failure_rate,3,0.09719891101121902,0.3117673988909344,0.09719891101121902,0.3117673988909344
5,f0_failure_rate,4,0.05492794726576124,0.2343671207011795,0.05492794726576124,0.2343671207011795
5,f0_failure_rate,5,0.03363137602406953,0.18338859294969664,0.03363137602406953,0.18338859294969664
5,f0_failure_rate,6,0.03850048354693821,0.19621540089131181,0.03850048354693821,0.19621540089131181
5,f0_failure_rate,7,0.026697856640177115,0.16339478767750554,0.026697856640177115,0.16339478767750554
5,f0_failure_rate,8,0.009290022875315376,0.09638476474690062,0.009290022875315376,0.09638476474690062
5,f0_failure_rate,9,0.009934481299881424,0.09967186814684183,0.009934481299881424,0.09967186814684183
5,f0_failure_rate,10,0.010316430058862482,0.10156982848692067,0.010316430058862482,0.10156982848692067
5,f1_mass,1,0.41505249057497295,0.6442456756354465,0.41505249057497295,0.6442456756354465
5,f1_mass,2,0.15671297694955552,0.39586989901930597,0.15671297694955552,0.39586989901930597
5,f1_mass,3,0.09203354635142855,0.30337031224467,0.09203354635142855,0.30337031224467
5,f1_mass,4,0.04487985638635499,0.21184866387672827,0.04487985638635499,0.21184866387672827
5,f1_mass,5,0.02471030450292996,0.1571951160275979,0.02471030450292996,0.1571951160275979
5,f1_mass,6,0.015714283367352828,0.12535662474457754,0.015714283367352828,0.12535662474457754
5,f1_mass,7,0.006867517384567431,0.08287048560595883,0.006867517384567431,0.08287048560595883
5,f1_mass,8,0.0043252938360508,0.06576696614601285,0.0043252938360508,0.06576696614601285
5,f1_mass,9,0.0029719227126666476,0.054515343827831145,0.0029719227126666476,0.054515343827831145
5,f1_mass,10,0.0016345894712555622,0.040430056532925626,0.0016345894712555622,0.040430056532925626
6,f0_failure_rate,1,0.44273038301616907,0.6653798787280609,0.44273038301616907,0.6653798787280609
6,f0_failure_rate,2,0.10553990676999092,0.32486906096147555,0.10553990676999092,0.32486906096147555
6,f0_failure_rate,3,0.055177325615659356,0.23489854323869136,0.055177325615659356,0.23489854323869136
6,f0_failure_rate,4,0.03637417848221958,0.19072015751414315,0.03637417848221958,0.19072015751414315
6,f0_failure_rate,5,0.022704609378706664,0.1506804877172445,0.022704609378706664,0.1506804877172445
6,f0_failure_rate,6,0.015423523087520152,0.12419147751564981,0.015423523087520152,0.12419147751564981
6,f0_failure_rate,7,0.012974387384019792,0.11390516838150845,0.012974387384019792,0.11390516838150845
6,f0_failure_rate,8,0.006550427991896868,0.08093471438077031,0.006550427991896868,0.08093471438077031
6,f0_failure_rate,9,0.006702919054077938,0.08187135673773788,0.006702919054077938,0.08187135673773788
6,f0_failure_rate,10,0.006496885398519225,0.08060325923012807,0.006496885398519225,0.08060325923012807
6,f1_mass,1,0.5179935973137617,0.71971772057784,0.5179935973137617,0.71971772057784
6,f1_mass,2,0.15057731745764613,0.38804293249284433,0.15057731745764613,0.38804293249284433
6,f1_mass,3,0.06023943657055497,0.24543723550137003,0.06023943657055497,0.24543723550137003
6,f1_mass,4,0.02593967504799366,0.16105798660107998,0.02593967504799366,0.16105798660107998
6,f1_mass,5,0.014908300596289337,0.1220995519905349,0.014908300596289337,0.1220995519905349
6,f1_mass,6,0.010280313435941935,0.10139188052276146,0.010280313435941935,0.10139188052276146
6,f1_mass,7,0.004539799614576623,0.06737803510474777,0.004539799614576623,0.06737803510474777
6,f1_mass,8,0.0027792113687610254,0.05271822615339998,0.0027792113687610254,0.05271822615339998
6,f1_mass,9,0.0013658517964358907,0.03695743222189402,0.0013658517964358907,0.03695743222189402
6,f1_mass,10,0.001051112252753228,0.03242086138203654,0.001051112252753228,0.03242086138203654
7,f0_failure_rate,1,0.3232232787542873,0.5685272893663833,0.3232232787542873,0.5685272893663833
7,f0_failure_rate,2,0.13976090215146542,0.3738460942038387,0.13976090215146542,0.3738460942038387
7,f0_failure_rate,3,0.06426326123376687,0.25350199453607236,0.06426326123376687,0.25350199453607236
7,f0_failure_rate,4,0.043149074332581625,0.20772355266695597,0.043149074332581625,0.20772355266695597
7,f0_failure_rate,5,0.035537374309367604,0.18851359184251837,0.035537374309367604,0.18851359184251837
7,f0_failure_rate,6,0.014434158025930325,0.12014224080618076,0.014434158025930325,0.12014224080618076
7,f0_failure_rate,7,0.018961863385306463,0.13770208199336154,0.018961863385306463,0.13770208199336154
7,f0_failure_rate,8,0.013375312400360903,0.11565168567885599,0.013375312400360903,0.11565168567885599
7,f0_failure_rate,9,0.01020280240724484,0.10100892241403647,0.01020280240724484,0.10100892241403647
7,f0_failure_rate,10,0.010084692543993393,0.10042256989339296,0.010084692543993393,0.10042256989339296
7,f1_mass,1,0.451714598470264,0.6720971644563486,0.451714598470264,0.6720971644563486
7,f1_mass,2,0.12109097383088535,0.34798128373647536,0.12109097383088535,0.34798128373647536
7,f1_mass,3,0.045382163694335356,0.21303089844981493,0.045382163694335356,0.21303089844981493
7,f1_mass,4,0.019115282222628593,0.13825802769687043,0.019115282222628593,0.13825802769687043
7,f1_mass,5,0.007536091634796726,0.0868106654438078,0.007536091634796726,0.0868106654438078
7,f1_mass,6,0.004070219447991501,0.06379827151256921,0.004070219447991501,0.06379827151256921
7,f1_mass,7,0.0036398597423815066,0.060331250131101265,0.0036398597423815066,0.060331250131101265
7,f1_mass,8,0.002480544796627429,0.04980506798135536,0.002480544796627429,0.04980506798135536
7,f1_mass,9,0.0015042511190080808,0.03878467634270113,0.0015042511190080808,0.03878467634270113
7,f1_mass,10,0.001446605453060733,0.038034266826911925,0.001446605453060733,0.038034266826911925
8,f0_failure_rate,1,0.43025254234671595,0.6559363858993614,0.43025254234671595,0.6559363858993614
8,f0_failure_rate,2,0.11580554395914078,0.3403021362835396,0.11580554395914078,0.3403021362835396
8,f0_failure_rate,3,0.056718448828905824,0.23815635374456384,0.056718448828905824,0.23815635374456384
8,f0_failure_rate,4,0.029288365924730896,0.17113844081541382,0.029288365924730896,0.17113844081541382
8,f0_failure_rate,5,0.025702200923115016,0.1603190597624469,0.025702200923115016,0.1603190597624469
8,f0_failure_rate,6,0.020049899583682418,0.14159766800227475,0.020049899583682418,0.14159766800227475
8,f0_failure_rate,7,0.008180095441639423,0.09044388006736234,0.008180095441639423,0.09044388006736234
8,f0_failure_rate,8,0.007452825619839132,0.0863297493326555,0.007452825619839132,0.0863297493326555
8,f0_failure_rate,9,0.006208741315640509,0.07879556659889253,0.006208741315640509,0.07879556659889253
8,f0_failure_rate,10,0.006726813968271017,0.08201715654831626,0.006726813968271017,0.08201715654831626
8,f1_mass,1,0.48331324234604833,0.6952073376670073,0.48331324234604833,0.6952073376670073
8,f1_mass,2,0.15228135474026203,0.390232436812039,0.15228135474026203,0.390232436812039
8,f1_mass,3,0.05945195378735661,0.24382771332922065,0.05945195378735661,0.24382771332922065
8,f1_mass,4,0.02302141364198178,0.1517280911432744,0.02302141364198178,0.1517280911432744
8,f1_mass,5,0.01488283732905984,0.12199523486210369,0.01488283732905984,0.12199523486210369
8,f1_mass,6,0.006427792913746089,0.08017351753382215,0.006427792913746089,0.08017351753382215
8,f1_mass,7,0.005154899240005761,0.07179762698032409,0.005154899240005761,0.07179762698032409
8,f1_mass,8,0.0022771015705075116,0.047718985430408214,0.0022771015705075116,0.047718985430408214
8,f1_mass,9,0.0016619770001852884,0.040767352136057214,0.0016619770001852884,0.040767352136057214
8,f1_mass,10,0.0010077144048409536,0.031744517713157235,0.0010077144048409536,0.031744517713157235
9,f0_failure_rate,1,0.3611473993144252,0.6009554054290761,0.3611473993144252,0.6009554054290761
9,f0_failure_rate,2,0.10766693357039582,0.32812639877095506,0.10766693357039582,0.32812639877095506
9,f0_failure_rate,3,0.048291213979775253,0.2197526199611173,0.048291213979775253,0.2197526199611173
9,f0_failure_rate,4,0.02231506300582127,0.1493822713906214,0.02231506300582127,0.1493822713906214
9,f0_failure_rate,5,0.023548834618519653,0.15345629546720999,0.023548834618519653,0.15345629546720999
9,f0_failure_rate,6,0.01929364065555009,0.1389015502273106,0.01929364065555009,0.1389015502273106
9,f0_failure_rate,7,0.013614727014845068,0.11668216236788324,0.013614727014845068,0.11668216236788324
9,f0_failure_rate,8,0.009030633330853148,0.09502964448451413,0.009030633330853148,0.09502964448451413
9,f0_failure_rate,9,0.00830231659876352,0.0911170488918705,0.00830231659876352,0.0911170488918705
9,f0_failure_rate,10,0.00850478695197539,0.09222140181094293,0.00850478695197539,0.09222140181094293
9,f1_mass,1,0.40932235799052497,0.6397830554106017,0.40932235799052497,0.6397830554106017
9,f1_mass,2,0.06043734503063289,0.24584008019570952,0.06043734503063289,0.24584008019570952
9,f1_mass,3,0.029167971404438667,0.17078633260433537,0.029167971404438667,0.17078633260433537
9,f1_mass,4,0.009809714191677895,0.09904400129072884,0.009809714191677895,0.09904400129072884
9,f1_mass,5,0.00525047708387402,0.07246017584766144,0.00525047708387402,0.07246017584766144
9,f1_mass,6,0.00196199228098108,0.04429438204762631,0.00196199228098108,0.04429438204762631
9,f1_mass,7,0.0012547737939960577,0.03542278636691441,0.0012547737939960577,0.03542278636691441
9,f1_mass,8,0.0010054261630020019,0.031708455701941744,0.0010054261630020019,0.031708455701941744
9,f1_mass,9,0.0007997107141735879,0.028279156885833566,0.0007997107141735879,0.028279156885833566
9,f1_mass,10,0.0007102912588214332,0.0266512900029517,0.0007102912588214332,0.0266512900029517
10,f0_failure_rate,1,0.2982185110449791,0.5460938665147038,0.2982185110449791,0.5460938665147038
10,f0_failure_rate,2,0.07480198921014865,0.273499523235688,0.07480198921014865,0.273499523235688
10,f0_failure_rate,3,0.042574703479961805,0.20633638428537465,0.042574703479961805,0.20633638428537465
10,f0_failure_rate,4,0.020313406091493864,0.1425251068811873,0.020313406091493864,0.1425251068811873
10,f0_failure_rate,5,0.01531031463916103,0.12373485620131876,0.01531031463916103,0.12373485620131876
10,f0_failure_rate,6,0.010722743424897393,0.10355068046564152,0.010722743424897393,0.10355068046564152
10,f0_failure_rate,7,0.006915127257040392,0.0831572441645368,0.006915127257040392,0.0831572441645368
10,f0_failure_rate,8,0.006832069018855691,0.08265633078509892,0.006832069018855691,0.08265633078509892
10,f0_failure_rate,9,0.008861662810280299,0.0941364053397,0.008861662810280299,0.0941364053397
10,f0_failure_rate,10,0.006835828224817912,0.08267906763394174,0.006835828224817912,0.08267906763394174
10,f1_mass,1,0.25284714934726554,0.5028390889213621,0.25284714934726554,0.5028390889213621
10,f1_mass,2,0.038680577805886664,0.19667378525336482,0.038680577805886664,0.19667378525336482
10,f1_mass,3,0.012409539699244002,0.11139811353539163,0.012409539699244002,0.11139811353539163
10,f1_mass,4,0.008081617997959256,0.08989781976199009,0.008081617997959256,0.08989781976199009
10,f1_mass,5,0.005878765950910747,0.07667311100321121,0.005878765950910747,0.07667311100321121
10,f1_mass,6,0.004296157043427229,0.06554507642399411,0.004296157043427229,0.06554507642399411
10,f1_mass,7,0.0020953290950274095,0.045774764827658146,0.0020953290950274095,0.045774764827658146
10,f1_mass,8,0.0016716145134220521,0.040885382637588855,0.0016716145134220521,0.040885382637588855
10,f1_mass,9,0.0008077770035015419,0.028421418041708297,0.0008077770035015419,0.028421418041708297
10,f1_mass,10,0.0006238097206126744,0.02497618306732785,0.0006238097206126744,0.02497618306732785
11,f0_failure_rate,1,0.3495899619391331,0.5912613313410011,0.3495899619391331,0.5912613313410011
11,f0_failure_rate,2,0.08096098083143051,0.28453643146604357,0.08096098083143051,0.28453643146604357
11,f0_failure_rate,3,0.038540237654860206,0.19631667696571325,0.038540237654860206,0.19631667696571325
11,f0_failure_rate,4,0.018784155173657033,0.13705529969197483,0.018784155173657033,0.13705529969197483
11,f0_failure_rate,5,0.011489995719435124,0.10719139759997126,0.011489995719435124,0.10719139759997126
11,f0_failure_rate,6,0.010113452847760458,0.10056566435797289,0.010113452847760458,0.10056566435797289
11,f0_failure_rate,7,0.007540486932087403,0.08683597717586532,0.007540486932087403,0.08683597717586532
11,f0_failure_rate,8,0.007354974755659127,0.08576114945392889,0.007354974755659127,0.08576114945392889
11,f0_failure_rate,9,0.005711213103495538,0.07557256845903504,0.005711213103495538,0.07557256845903504
11,f0_failure_rate,10,0.005556292675184802,0.07454054383478029,0.005556292675184802,0.07454054383478029
11,f1_mass,1,0.21735334339050147,0.46621169375134885,0.21735334339050147,0.46621169375134885
11,f1_mass,2,0.05129881740476076,0.2264924224003107,0.05129881740476076,0.2264924224003107
11,f1_mass,3,0.021918588891052283,0.14804927859011094,0.021918588891052283,0.14804927859011094
11,f1_mass,4,0.010092075520123426,0.10045932271383988,0.010092075520123426,0.10045932271383988
11,f1_mass,5,0.00483432173048361,0.0695292868544156,0.00483432173048361,0.0695292868544156
11,f1_mass,6,0.0019829928373488095,0.04453080773294832,0.0019829928373488095,0.04453080773294832
11,f1_mass,7,0.0017871514652282572,0.0422747142536559,0.0017871514652282572,0.0422747142536559
11,f1_mass,8,0.001303585223817768,0.03610519663175604,0.001303585223817768,0.03610519663175604
11,f1_mass,9,0.0012079402714824448,0.03475543513585242,0.0012079402714824448,0.03475543513585242
11,f1_mass,10,0.0006586195970437705,0.025663585038801,0.0006586195970437705,0.025663585038801
12,f0_failure_rate,1,0.5381758734583855,0.7336047119930361,0.5381758734583855,0.7336047119930361
12,f0_failure_rate,2,0.06810143876022526,0.26096252367001904,0.06810143876022526,0.26096252367001904
12,f0_failure_rate,3,0.043210237686123164,0.20787072349449107,0.043210237686123164,0.20787072349449107
12,f0_failure_rate,4,0.018319212266110947,0.1353484845357012,0.018319212266110947,0.1353484845357012
12,f0_failure_rate,5,0.011220931640959211,0.10592889898870474,0.011220931640959211,0.10592889898870474
12,f0_failure_rate,6,0.01040247520099261,0.1019925252211779,0.01040247520099261,0.1019925252211779
12,f0_failure_rate,7,0.009041663259267807,0.09508766092016255,0.009041663259267807,0.09508766092016255
12,f0_failure_rate,8,0.0073163758663992795,0.08553581627832449,0.0073163758663992795,0.08553581627832449
12,f0_failure_rate,9,0.0060258055039282355,0.07762606201481713,0.0060258055039282355,0.07762606201481713
12,f0_failure_rate,10,0.003956414663532216,0.06290003707099238,0.003956414663532216,0.06290003707099238
12,f1_mass,1,0.2819188144057989,0.5309602757323743,0.2819188144057989,0.5309602757323743
12,f1_mass,2,0.04482669436505863,0.21172315500449787,0.04482669436505863,0.21172315500449787
12,f1_mass,3,0.010110160601990563,0.10054929438832758,0.010110160601990563,0.10054929438832758
12,f1_mass,4,0.0036886458318414433,0.06073422290473011,0.0036886458318414433,0.06073422290473011
12,f1_mass,5,0.0019367940008773335,0.044009021812320866,0.0019367940008773335,0.044009021812320866
12,f1_mass,6,0.0009936446648290648,0.03152212976353382,0.0009936446648290648,0.03152212976353382
12,f1_mass,7,0.001347032013914681,0.03670193474348023,0.001347032013914681,0.03670193474348023
12,f1_mass,8,0.0011177908496132918,0.03343337927301534,0.0011177908496132918,0.03343337927301534
12,f1_mass,9,0.0008512295202568307,0.029175837952950565,0.0008512295202568307,0.029175837952950565
12,f1_mass,10,0.000754060417031204,0.0274601605427063,0.000754060417031204,0.0274601605427063
13,f0_failure_rate,1,0.27464860876401265,0.52406927859207,0.27464860876401265,0.52406927859207
13,f0_failure_rate,2,0.06101904238263766,0.24702032787331019,0.06101904238263766,0.24702032787331019
13,f0_failure_rate,3,0.018783761591960987,0.13705386383448293,0.018783761591960987,0.13705386383448293
13,f0_failure_rate,4,0.013617781922221184,0.11669525235510304,0.013617781922221184,0.11669525235510304
13,f0_failure_rate,5,0.012313257219890754,0.11096511713097389,0.012313257219890754,0.11096511713097389
13,f0_failure_rate,6,0.007134119770489633,0.08446371866363471,0.007134119770489633,0.08446371866363471
13,f0_failure_rate,7,0.005829847433293859,0.07635343759971688,0.005829847433293859,0.07635343759971688
13,f0_failure_rate,8,0.005573682036871711,0.07465709635976818,0.005573682036871711,0.07465709635976818
13,f0_failure_rate,9,0.007041034506012996,0.08391087239454131,0.007041034506012996,0.08391087239454131
13,f0_failure_rate,10,0.005570454949823518,0.07463548050239589,0.005570454949823518,0.07463548050239589
13,f1_mass,1,0.13427018765360116,0.366428966722885,0.13427018765360116,0.366428966722885
13,f1_mass,2,0.022035912610590458,0.14844498176290924,0.022035912610590458,0.14844498176290924
13,f1_mass,3,0.015082937044401964,0.12281260946825437,0.015082937044401964,0.12281260946825437
13,f1_mass,4,0.005352536387120684,0.07316103052254447,0.005352536387120684,0.07316103052254447
13,f1_mass,5,0.0019648411311209203,0.04432652852548821,0.0019648411311209203,0.04432652852548821
13,f1_mass,6,0.0020728104709026715,0.04552812834833727,0.0020728104709026715,0.04552812834833727
13,f1_mass,7,0.0011338170540208619,0.03367220001753467,0.0011338170540208619,0.03367220001753467
13,f1_mass,8,0.0006467708522298683,0.025431689920842233,0.0006467708522298683,0.025431689920842233
13,f1_mass,9,0.0005172649587620981,0.022743459692010318,0.0005172649587620981,0.022743459692010318
13,f1_mass,10,0.001043005477792273,0.03229559533113259,0.001043005477792273,0.03229559533113259
14,f0_failure_rate,1,0.2958819102495909,0.5439502828840067,0.2958819102495909,0.5439502828840067
14,f0_failure_rate,2,0.06151344487443566,0.24801904135456146,0.06151344487443566,0.24801904135456146
14,f0_failure_rate,3,0.028576371143572032,0.1690454706390326,0.028576371143572032,0.1690454706390326
14,f0_failure_rate,4,0.009758474872796796,0.09878499315582705,0.009758474872796796,0.09878499315582705
14,f0_failure_rate,5,0.007457468498614617,0.08635663552162402,0.007457468498614617,0.08635663552162402
14,f0_failure_rate,6,0.006961896695429459,0.08343798113227248,0.006961896695429459,0.08343798113227248
14,f0_failure_rate,7,0.008383644366404042,0.09156224312676073,0.008383644366404042,0.09156224312676073
14,f0_failure_rate,8,0.005093554325867444,0.07136914127175305,0.005093554325867444,0.07136914127175305
14,f0_failure_rate,9,0.0046847304693073966,0.06844509090729149,0.0046847304693073966,0.06844509090729149
14,f0_failure_rate,10,0.005899540279642679,0.07680846489575663,0.005899540279642679,0.07680846489575663
14,f1_mass,1,0.3108361192862503,0.5575267879539514,0.3108361192862503,0.5575267879539514
14,f1_mass,2,0.03909690734872129,0.19772937907332155,0.03909690734872129,0.19772937907332155
14,f1_mass,3,0.009032720321556553,0.09504062458526119,0.009032720321556553,0.09504062458526119
14,f1_mass,4,0.001554889351609745,0.03943208530638147,0.001554889351609745,0.03943208530638147
14,f1_mass,5,0.0011210254961042665,0.03348171883437687,0.0011210254961042665,0.03348171883437687
14,f1_mass,6,0.0007091776615197887,0.026630389811637917,0.0007091776615197887,0.026630389811637917
14,f1_mass,7,0.0008024185717658838,0.028326993694458364,0.0008024185717658838,0.028326993694458364
14,f1_mass,8,0.0006997170232807548,0.02645216481274746,0.0006997170232807548,0.02645216481274746
14,f1_mass,9,0.0005892062426937628,0.024273570868204843,0.0005892062426937628,0.024273570868204843
14,f1_mass,10,0.0003983937208431598,0.01995980262535579,0.0003983937208431598,0.01995980262535579
15,f0_failure_rate,1,0.3172134522567777,0.5632170560776526,0.3172134522567777,0.5632170560776526
15,f0_failure_rate,2,0.039084248600856346,0.19769736619605316,0.039084248600856346,0.19769736619605316
15,f0_failure_rate,3,0.017201813321341488,0.1311556835266451,0.017201813321341488,0.1311556835266451
15,f0_failure_rate,4,0.011142858235603747,0.10555973775831269,0.011142858235603747,0.10555973775831269
15,f0_failure_rate,5,0.0075270185000537075,0.0867583915252796,0.0075270185000537075,0.0867583915252796
15,f0_failure_rate,6,0.004637178102069918,0.06809682886941151,0.004637178102069918,0.06809682886941151
15,f0_failure_rate,7,0.004963565604103839,0.07045257698696222,0.004963565604103839,0.07045257698696222
15,f0_failure_rate,8,0.004733460010303294,0.06880014542356211,0.004733460010303294,0.06880014542356211
15,f0_failure_rate,9,0.005606730321340044,0.07487810308321148,0.005606730321340044,0.07487810308321148
15,f0_failure_rate,10,0.00742248264963136,0.08615383131138951,0.00742248264963136,0.08615383131138951
15,f1_mass,1,0.1473029082750573,0.3838006100503975,0.1473029082750573,0.3838006100503975
15,f1_mass,2,0.041938553892952556,0.20478904729734096,0.041938553892952556,0.20478904729734096
15,f1_mass,3,0.012383645845522337,0.11128183070709403,0.012383645845522337,0.11128183070709403
15,f1_mass,4,0.003328952277490102,0.057697073387565356,0.003328952277490102,0.057697073387565356
15,f1_mass,5,0.0015780719695612788,0.03972495399067542,0.0015780719695612788,0.03972495399067542
15,f1_mass,6,0.0012208177127724733,0.03494020195666409,0.0012208177127724733,0.03494020195666409
15,f1_mass,7,0.0008511057308436755,0.029173716438665738,0.0008511057308436755,0.029173716438665738
15,f1_mass,8,0.0008551936531576383,0.029243694246070182,0.0008551936531576383,0.029243694246070182
15,f1_mass,9,0.0007565483563880929,0.027505424126671688,0.0007565483563880929,0.027505424126671688
15,f1_mass,10,0.0008366910560118198,0.028925612456987316,0.0008366910560118198,0.028925612456987316
16,f0_failure_rate,1,0.24573555919859144,0.49571721696809307,0.24573555919859144,0.49571721696809307
16,f0_failure_rate,2,0.04513335406469802,0.2124461203804344,0.04513335406469802,0.2124461203804344
16,f0_failure_rate,3,0.015549000663061937,0.1246956320929564,0.015549000663061937,0.1246956320929564
16,f0_failure_rate,4,0.010266242121967176,0.10132246602786164,0.010266242121967176,0.10132246602786164
16,f0_failure_rate,5,0.007715249873904718,0.08783649511396,0.007715249873904718,0.08783649511396
16,f0_failure_rate,6,0.0063832056605153615,0.07989496642790059,0.0063832056605153615,0.07989496642790059
16,f0_failure_rate,7,0.005518151279021468,0.07428425996818887,0.005518151279021468,0.07428425996818887
16,f0_failure_rate,8,0.006383626230268015,0.07989759840112852,0.006383626230268015,0.07989759840112852
16,f0_failure_rate,9,0.007621032936084602,0.08729852768566376,0.007621032936084602,0.08729852768566376
16,f0_failure_rate,10,0.01394606708911144,0.1180934675971175,0.01394606708911144,0.1180934675971175
16,f1_mass,1,0.22958718861142793,0.47915257341626366,0.22958718861142793,0.47915257341626366
16,f1_mass,2,0.04285101738706645,0.207004872858265,0.04285101738706645,0.207004872858265
16,f1_mass,3,0.01712194002336926,0.13085083119097585,0.01712194002336926,0.13085083119097585
16,f1_mass,4,0.007462700052807729,0.08638692061190588,0.007462700052807729,0.08638692061190588
16,f1_mass,5,0.002721772875197025,0.052170613138020766,0.002721772875197025,0.052170613138020766
16,f1_mass,6,0.0015917442295984882,0.03989666940483238,0.0015917442295984882,0.03989666940483238
16,f1_mass,7,0.0010146674887639368,0.031853845745277554,0.0010146674887639368,0.031853845745277554
16,f1_mass,8,0.000878050743873852,0.029631921029083685,0.000878050743873852,0.029631921029083685
16,f1_mass,9,0.0008919349428550857,0.029865279889113475,0.0008919349428550857,0.029865279889113475
16,f1_mass,10,0.001088251527916226,0.03298865756462706,0.001088251527916226,0.03298865756462706
17,f0_failure_rate,1,0.6192590119807344,0.7869301188674471,0.6192590119807344,0.7869301188674471
17,f0_failure_rate,2,0.1001462172716856,0.31645887137459994,0.1001462172716856,0.31645887137459994
17,f0_failure_rate,3,0.036287191078851096,0.19049197116637515,0.036287191078851096,0.19049197116637515
17,f0_failure_rate,4,0.021213165386334845,0.14564740089110703,0.021213165386334845,0.14564740089110703
17,f0_failure_rate,5,0.010783790243103317,0.10384502993934432,0.010783790243103317,0.10384502993934432
17,f0_failure_rate,6,0.007329359846679788,0.08561168055049374,0.007329359846679788,0.08561168055049374
17,f0_failure_rate,7,0.005993458589440898,0.07741743078558534,0.005993458589440898,0.07741743078558534
17,f0_failure_rate,8,0.006137736665550619,0.07834370852564115,0.006137736665550619,0.07834370852564115
17,f0_failure_rate,9,0.0074468927678505055,0.08629538091839276,0.0074468927678505055,0.08629538091839276
17,f0_failure_rate,10,0.005080992411086826,0.0712810803164965,0.005080992411086826,0.0712810803164965
17,f1_mass,1,0.3932791005231832,0.6271196859636788,0.3932791005231832,0.6271196859636788
17,f1_mass,2,0.05610058848795138,0.2368556279423214,0.05610058848795138,0.2368556279423214
17,f1_mass,3,0.01639130728098711,0.12802854088439464,0.01639130728098711,0.12802854088439464
17,f1_mass,4,0.006515911510704379,0.08072119616745269,0.006515911510704379,0.08072119616745269
17,f1_mass,5,0.002742469218853665,0.05236859000253554,0.002742469218853665,0.05236859000253554
17,f1_mass,6,0.001681422673803019,0.04100515423459616,0.001681422673803019,0.04100515423459616
17,f1_mass,7,0.0011494175368601358,0.03390306087745081,0.0011494175368601358,0.03390306087745081
17,f1_mass,8,0.0010104190242648321,0.0317870889554994,0.0010104190242648321,0.0317870889554994
17,f1_mass,9,0.0007894902480888719,0.028097869102280192,0.0007894902480888719,0.028097869102280192
17,f1_mass,10,0.0007925200885725452,0.02815173331382182,0.0007925200885725452,0.02815173331382182
