x0,x1,x2,x3,x4,x5,x6,x7,x8,x9,x10,x11,x12,x13,x14,f0,g0,g1,g2,g3,g4,run,seed
1.0,0.0,0.0,0.0,0.0,0.0,7.25,1.4500000000000002,3.0,0.7418242329731584,0.5,0.5,7529.618880711496,10500.0,10500.0,22.648763421452486,0.8392700665102883,29.79344732211903,0.0,0.0,-0.9,4,56
1.0,0.0,0.0,0.0,0.0,0.0,7.25,1.4500000000000002,3.0,0.052917917259037495,0.5,0.5,18790.53710680455,10500.0,10500.0,,,-10.783134673442692,0.0,0.0,-0.9,4,56
1.0,0.0,0.0,0.0,0.0,0.0,7.25,1.4500000000000002,3.0,0.8780511980876327,0.5,0.5,3418.750463053584,10500.0,10500.0,22.02383474606575,0.8267455434065596,37.817215567361565,0.0,0.0,-0.9,4,56
1.0,0.0,0.0,0.0,0.0,0.0,7.25,1.4500000000000002,3.0,0.3149986667558551,0.5,0.5,12344.027327373624,10500.0,10500.0,26.580644743099285,0.786622857903367,4.6534214719198665,0.0,0.0,-0.9,4,56
1.0,0.0,0.0,0.0,0.0,0.0,7.25,1.4500000000000002,3.0,0.45933448150753975,0.5,0.5,2216.2897447124124,10500.0,10500.0,24.753378517348256,0.8325462321091166,13.154800960794091,0.0,0.0,-0.9,4,56
1.0,0.0,0.0,0.0,0.0,0.0,7.25,1.4500000000000002,3.0,0.7732357904314995,0.5,0.5,13481.846784241498,10500.0,10500.0,22.54461437103423,0.8386194803226108,31.643588056415318,0.0,0.0,-0.9,4,56
1.0,0.0,0.0,0.0,0.0,0.0,7.25,1.4500000000000002,3.0,0.15907610394060612,0.5,0.5,8649.163339287043,10500.0,10500.0,29.903986186859473,0.6457717916249877,-4.5304174778983,0.0,0.0,-0.9,4,56
1.0,0.0,0.0,0.0,0.0,0.0,7.25,1.4500000000000002,3.0,0.597122197970748,0.5,0.5,17569.80139017105,10500.0,10500.0,23.630452183776033,0.8385312453034619,21.270497460477053,0.0,0.0,-0.9,4,56
1.0,0.0,0.0,0.0,0.0,0.0,7.25,1.4500000000000002,3.0,0.8179976036772132,0.5,0.5,1538.1922852247953,10500.0,10500.0,22.277687354312274,0.8294963253727765,34.28005885658786,0.0,0.0,-0.9,4,56
1.0,0.0,0.0,1.0,0.0,0.0,7.25,1.4500000000000002,3.0,0.37909676413983107,0.7241713190451264,0.5,15179.90899272263,7406.948107294738,10500.0,25.507913638939662,0.8052804469754484,-12.250662349497832,-6.478384110603235,0.0,-0.22066294476389892,4,56
1.0,0.0,0.0,1.0,0.0,1.0,7.25,1.4500000000000002,3.0,0.5479668090119958,0.87766735535115,0.5,9325.52186306566,4208.212163299322,10500.0,24.001125606587863,0.8311966009488885,-12.99813825178383,1.672102896489605,0.0,-0.09786611571908,4,56
1.0,0.0,0.0,1.0,1.0,0.0,7.25,1.4500000000000002,3.0,0.23492024559527636,0.35898606665432453,0.5,15872.319581918418,11315.741674043238,10500.0,28.122567528687465,0.7242825028971027,-9.756778928257551,-12.15121634941898,0.0,-0.5128111466765404,4,56
1.0,0.0,0.0,1.0,1.0,1.0,7.25,1.4500000000000002,3.0,0.09800021536648273,0.4010649165138602,0.5,5813.00251558423,2485.048565082252,10500.0,,,-11.946465206922724,-12.749423815092609,0.0,-0.47914806678891186,4,56
1.0,0.0,0.0,1.0,1.0,0.0,7.25,1.4500000000000002,3.0,0.6619070153683424,0.8667676877230406,0.5,19450.080409646034,14491.015681996942,10500.0,23.197036961243366,0.8303635291278526,-12.856337863165688,3.699925942804363,0.0,-0.10658584982156749,4,56
1.0,0.0,0.0,1.0,0.0,1.0,7.25,1.4500000000000002,3.0,0.2664993517100811,0.5162654407322407,0.5,5134.7875604406,15893.805892206728,10500.0,27.643918866651408,0.7443646001049427,-11.049333730383822,-10.748359727344003,0.0,-0.38698764741420744,4,56
1.0,0.0,0.0,1.0,1.0,1.0,7.25,1.4500000000000002,3.0,0.9545513987541199,0.24758463073521852,0.5,11686.22409272939,8823.379527777433,10500.0,21.638422019350028,0.7846836669249195,2.148583806751777,-11.657270475941676,0.0,-0.6019322954118251,4,56
1.0,0.0,0.0,2.0,0.0,0.0,7.25,1.4500000000000002,3.0,0.1414106758311391,0.9480000091716647,0.09545713476836681,17740.214506164193,15331.382180564106,11228.76033000648,31.091291959386368,0.5856795273989737,-12.887370975735216,-12.887370975735216,-12.887370975735216,-0.2333333333333334,4,56
1.0,0.0,0.0,2.0,0.0,1.0,7.25,1.4500000000000002,3.0,0.5794570008292794,0.28894692100584507,0.9212405271828175,7662.00996004045,8189.06213529408,1524.8567052185535,,,-11.721783596961993,-11.721783596961995,-11.721783596961995,-0.2333333333333334,4,56
1.0,0.0,0.0,2.0,0.0,2.0,7.25,1.4500000000000002,3.0,0.47309461515396833,0.06332257390022278,0.5893676951527596,12198.2795400545,3205.1814580336213,6483.41813031584,24.62404469399384,0.8083026630795933,-12.452117127934326,-13.339481779250207,-8.15372217763672,-0.1778477847576141,4,56
1.0,0.0,0.0,2.0,1.0,0.0,7.25,1.4500000000000002,3.0,0.7869956931099296,0.6698859045282006,0.3958934862166643,4464.998512528837,14986.178580671549,15779.444291256368,22.481351984111754,0.7971003622049735,-11.37959004866118,-11.37959004866118,-11.37959004866118,-0.2333333333333334,4,56
1.0,0.0,0.0,2.0,1.0,1.0,7.25,1.4500000000000002,3.0,0.9230612367391586,0.586778100579977,0.13846922758966684,13326.244048774242,3564.5755250006914,9399.073011241853,21.766631212696563,0.7668028841601782,-12.582620700102876,-5.157659664046713,-12.668680844481198,-0.11980213746428481,4,56
1.0,0.0,0.0,2.0,1.0,2.0,7.25,1.4500000000000002,3.0,0.36000895127654076,0.17772453743964434,0.8156006066128612,3252.6783160865307,10744.010041467845,19993.455545045435,,,-13.983282583016393,-12.878938196506303,-4.657168825158125,0.09466011524200446,4,56
1.0,0.0,0.0,2.0,2.0,0.0,7.25,1.4500000000000002,3.0,0.6929088961333036,0.45585433300584555,0.6796506633982062,16546.728757210076,19861.728210002184,14144.532706588507,,,-11.526393527168356,-11.526393527168356,-11.526393527168356,-0.2333333333333334,4,56
1.0,0.0,0.0,2.0,2.0,1.0,7.25,1.4500000000000002,3.0,0.004002334550023079,0.81241718493402,0.36822690535336733,8808.808916248381,8117.845558561385,5738.695537671447,,,-13.89869644758679,-13.89869644758679,-13.89869644758679,-0.2333333333333334,4,56
1.0,0.0,0.0,2.0,2.0,2.0,7.25,1.4500000000000002,3.0,0.28398170601576567,0.34094369411468506,0.4858782757073641,14152.779574505985,4668.744243681431,8728.70616428554,27.009933621742057,0.7541389164038981,-13.509521197643931,-12.073548801550812,-10.913047961216126,-0.03854242414236064,4,56
0.0,1.0,1.0,0.0,0.0,0.0,5.83322739508003,1.4887198200449347,3.0,0.9720335220918059,0.5,0.5,1703.054173849523,10500.0,10500.0,,0.0,24.196612865304687,0.0,0.0,-0.9,4,56
0.0,1.0,0.0,0.0,0.0,0.0,2.8699588240124285,1.1062818409875037,3.0,0.08442315924912691,0.5,0.5,15721.933299675584,10500.0,10500.0,,,-9.51087068883546,0.0,0.0,-0.9,4,56
0.0,1.0,1.0,0.0,0.0,0.0,9.110837996471673,1.7791449268348516,3.0,0.6483301902189851,0.5,0.5,10357.85379074514,10500.0,10500.0,,0.0,7.081758271255769,0.0,0.0,-0.9,4,56
0.0,1.0,0.0,0.0,0.0,0.0,7.289470541290939,1.2675016093999147,3.0,0.5031399037688971,0.5,0.5,19308.393937535584,10500.0,10500.0,11.110399964442497,-0.0013000685724214867,9.248442845401335,0.0,0.0,-0.9,4,56
0.0,1.0,1.0,0.0,0.0,0.0,4.322181605733931,1.6450228220783174,3.0,0.19009309448301792,0.5,0.5,6854.029723443091,10500.0,10500.0,,0.0,-7.525037890043124,0.0,0.0,-0.9,4,56
0.0,1.0,0.0,0.0,0.0,0.0,6.6291604158468544,1.3056712972931566,3.0,0.8667298033833504,0.5,0.5,10630.68050891161,10500.0,10500.0,9.713732365185926,-0.003406723619339025,24.9414351279641,0.0,0.0,-0.9,4,56
0.0,1.0,1.0,0.0,0.0,0.0,10.232391732279211,1.5843786753714086,3.0,0.42782920971512794,0.5,0.5,5271.239813417196,10500.0,10500.0,,0.0,1.5990245015485414,0.0,0.0,-0.9,4,56
0.0,1.0,0.0,0.0,0.0,0.0,10.401574291288853,1.2469764361158013,3.0,0.019949394278228283,0.5,0.5,11758.542580530047,10500.0,10500.0,,,-13.175571520762583,0.0,0.0,-0.9,4,56
0.0,0.0,1.0,0.0,0.0,0.0,6.788099082186818,1.6682716918177904,1.4618841260671616,0.7089739730581641,0.5,0.5,4023.0849105864763,10500.0,10500.0,,0.0,10.690399965023744,0.0,0.0,-0.9,4,56
0.0,0.0,0.0,0.0,0.0,0.0,4.501628104131669,1.2851488047279418,3.690066047012806,0.3445530356839299,0.5,0.5,18189.10253699869,10500.0,10500.0,14.758915414298292,-1.1102230246251565e-16,1.6472347194942074,0.0,0.0,-0.9,4,56
0.0,0.0,1.0,0.0,0.0,0.0,7.438145307358354,1.6076248643919826,2.9388208650052547,0.9074796745553613,0.5,0.5,8113.364550285041,10500.0,10500.0,,0.0,18.932389352501254,0.0,0.0,-0.9,4,56
0.0,0.0,0.0,0.0,0.0,0.0,8.941652914509177,1.4410684685222805,1.961152546107769,0.8023323994129896,0.5,0.5,16988.371092826128,10500.0,10500.0,8.106608243215486,-0.17803378327054797,18.556613985879764,0.0,0.0,-0.9,4,56
0.0,0.0,1.0,0.0,0.0,0.0,2.71101763471961,1.4682079955935479,4.714609902352095,0.48830519802868366,0.5,0.5,9248.274609446526,10500.0,10500.0,,0.0,5.338518965643953,0.0,0.0,-0.9,4,56
0.0,0.0,0.0,0.0,0.0,0.0,5.653778412844986,1.1295413788408042,2.4390648789703846,0.5636348724365234,0.5,0.5,12875.198096968234,10500.0,10500.0,12.452037205760535,-1.1102230246251565e-16,15.364619330466471,0.0,0.0,-0.9,4,56
0.0,0.0,1.0,0.0,0.0,0.0,11.248791589867324,1.7586304425261914,3.189822494983673,0.12570704147219658,0.5,0.5,2804.098923690617,10500.0,10500.0,,0.0,-10.164336669563976,0.0,0.0,-0.9,4,56
0.0,0.0,0.0,0.0,0.0,0.0,12.222863427363336,1.321587516181171,2.125952910631895,0.4125230507925153,0.5,0.5,15272.913864813745,10500.0,10500.0,8.836081430102135,-0.10918209219903585,4.217499696930776,0.0,0.0,-0.9,4,56
0.0,0.0,1.0,0.0,0.0,0.0,4.679728147573769,1.5678642936982214,3.377941630780697,0.8515497678890824,0.5,0.5,9906.657713465393,10500.0,10500.0,,0.0,17.6917843174842,0.0,0.0,-0.9,4,56
0.0,0.0,0.0,0.0,0.0,0.0,2.372569151688367,1.2080062446184456,1.6497637331485748,0.20588467549532652,0.5,0.5,14592.394260689616,10500.0,10500.0,20.742898438015892,-1.1102230246251565e-16,-4.050878300010432,0.0,0.0,-0.9,4,56
0.0,1.0,1.0,1.0,1.0,0.0,9.280082328710705,1.7054581517353653,3.0,0.5188129907473922,0.3782345913350582,0.5,2145.1354194432497,3012.056608684361,10500.0,,0.0,-9.27331479569703,-11.758542997631412,0.0,-0.4974123269319535,4,56
0.0,1.0,0.0,1.0,0.0,1.0,8.432866320945323,1.1668452962301672,3.0,0.6324136778712273,0.3656201967969537,0.5,11081.604258157313,10937.189391814172,10500.0,9.47284959170571,-0.0028952539547928424,-6.654987689720372,-11.06163776958853,0.0,-0.5075038425624371,4,56
0.0,1.0,1.0,1.0,0.0,1.0,3.506891111843288,1.7190087359398603,3.0,0.06838862970471382,0.9016268849372864,0.5,5719.986920244992,3683.392157778144,10500.0,,0.0,-13.784306295648054,-12.546119487188406,0.0,-0.07869849205017088,4,56
0.0,1.0,0.0,1.0,1.0,0.0,6.47033982956782,1.4008271872997284,3.0,0.9874588903039694,0.746528709307313,0.5,18866.620127111673,7627.80833709985,10500.0,9.341608007049464,-0.07107703900374274,-11.892346597746926,-1.3869874038264651,0.0,-0.2027770325541497,4,56
0.0,1.0,1.0,1.0,1.0,1.0,10.719357032794505,1.5049351568333806,3.0,0.29953272081911564,0.01691898237913847,0.5,6414.7224724292755,19446.055687963963,10500.0,,0.0,-5.646953996369943,-13.668454123058522,0.0,-0.7864648140966892,4,56
0.0,1.0,0.0,1.0,0.0,0.0,11.069915141910315,1.3657813987694682,3.0,0.6123072719201446,0.7871909933164716,0.5,3858.0599082633853,7009.721695445478,10500.0,7.7768694305145205,-0.20674859420905145,-12.558045024275934,-3.856692806900906,0.0,-0.1702472053468227,4,56
0.0,1.0,1.0,1.0,0.0,0.0,6.154394110664725,1.5241734448820354,3.0,0.174379195086658,0.4484418220818043,0.5,12785.798802040517,18904.51060049236,10500.0,,0.0,-12.03257814739774,-12.48590039420299,0.0,-0.4412465423345566,4,56
0.0,1.0,1.0,2.0,2.0,2.0,3.8471948648802936,1.1636304877698422,3.0,0.75756720546633,0.16797740571200848,0.17982302978634834,7080.869579687715,11416.112479753792,13332.720200531185,,0.0,-8.21046087006114,-12.635852327113293,-12.552160361866346,-0.42175965160131457,4,56
0.0,1.0,1.0,2.0,2.0,1.0,8.127174058463424,1.7489670428447426,3.0,0.4435402499511838,0.563611819408834,0.8659884016960859,18339.615693315864,4382.6554864645,4036.370855756104,,0.0,-12.503147586640923,-12.503147586640923,-12.503147586640923,-0.2333333333333334,4,56
0.0,1.0,1.0,2.0,0.0,0.0,9.579365821555257,1.2101507877931,3.0,0.33103823103010654,0.6758184004575014,0.6078274743631482,8207.084429450333,14316.55409745872,12791.957308538258,,0.0,-12.427652786816601,-12.427652786816601,-12.427652786816601,-0.2333333333333334,4,56
0.0,1.0,0.0,2.0,2.0,1.0,2.0258564725518227,1.6751988754607736,3.0,0.8939646389335394,0.08706875424832106,0.40678593423217535,17130.184509791434,2384.6597811207175,2197.4676130339503,14.357244155024905,-0.006113341304443742,-10.926712895372908,-13.198809798741339,-10.626350309653176,-0.3049162492156029,4,56
0.0,1.0,0.0,2.0,2.0,0.0,4.989265409763902,1.3577023182995618,3.0,0.037371400743722916,0.31066364888101816,0.08236271422356367,2667.4834862351418,9294.735223054886,8037.444466724992,18.281060755308086,-0.09211434003504115,-13.460543411387206,-13.63703233280675,-13.841193149145491,-0.38557890951633456,4,56
0.0,1.0,1.0,2.0,1.0,0.0,11.865896705072373,1.5489255564287305,3.0,0.7263962104916573,0.9562975838780403,0.9010650301352143,13930.868413299322,16291.086805053055,16442.735068500042,,0.0,-11.951443014643965,-11.951443014643965,-11.951443014643965,-0.2333333333333334,4,56
0.0,1.0,0.0,2.0,1.0,0.0,11.548075239174068,1.1163503545336426,3.0,0.9384813467040658,0.423789007589221,0.7677407395094633,9774.10359121859,12916.710745543242,11087.185814976692,,,-11.303710343543717,-11.303710343543719,-11.303710343543719,-0.2333333333333334,4,56
0.0,1.0,0.0,2.0,0.0,2.0,5.307065890170634,1.7997612960636618,3.0,0.25055542308837175,0.8406545957550406,0.21562406793236732,16323.363339528441,1096.1413690820336,1680.337892845273,,,-12.934579127974033,-12.934579127974033,-12.934579127974033,-0.2333333333333334,4,56
0.0,0.0,1.0,1.0,0.0,1.0,3.020554740447551,1.415956087782979,2.7508280351758003,0.6774840196594596,0.558481683023274,0.5,1098.7242562696338,10212.740072980523,10500.0,,0.0,-10.402755681276995,-8.700924272286144,0.0,-0.3532146535813808,4,56
0.0,0.0,0.0,1.0,1.0,0.0,8.584686035756022,1.4763165450654925,3.50306698307395,0.11345872562378645,0.2097308523952961,0.5,14738.268851302564,17468.85338705033,10500.0,,,-11.622275602690534,-13.43927046427198,0.0,-0.6322153180837631,4,56
0.0,0.0,1.0,1.0,1.0,0.0,7.788703260011971,1.3091938408091666,4.525641970336437,0.21970468387007713,0.03507004026323557,0.5,4683.4351643919945,5980.356232263148,10500.0,,0.0,-7.085285051334584,-13.644977155224604,0.0,-0.7719439677894115,4,56
0.0,0.0,0.0,1.0,0.0,1.0,4.185682228766382,1.5992177654989064,1.7751276306807995,0.5326332300901413,0.7019361034035683,0.5,11237.333726137877,17838.03215250373,10500.0,13.634420779174034,-0.003358570335868283,-12.22949074003553,-7.671026906542408,0.0,-0.2384511172771454,4,56
0.0,0.0,0.0,1.0,0.0,0.0,7.128402991686016,1.261233386490494,3.003797609359026,0.3947958368808031,0.9160090554505587,0.5,6254.913923330605,12853.104489855468,10500.0,12.512609279558411,-0.0005158103043093609,-13.359521007743066,-3.229502918466956,0.0,-0.06719275563955307,4,56
0.0,0.0,1.0,1.0,1.0,1.0,10.095882185269147,1.6274381360039114,2.250096917152405,0.8338223230093718,0.31725870352238417,0.5,19889.819704927504,5634.097719565034,10500.0,,0.0,-5.829816995415566,-11.635456134132182,0.0,-0.5461930371820927,4,56
0.0,0.0,0.0,1.0,1.0,1.0,10.201727645937353,1.1272143851034344,3.184984754770994,0.2587282508611679,0.1435729432851076,0.5,16649.806280620396,4513.792688958347,10500.0,11.372418869037032,-0.0012410429930511668,-6.839376934723665,-13.223774380994909,0.0,-0.6851416453719139,4,56
0.0,0.0,0.0,2.0,2.0,0.0,7.234128367621452,1.766851116716862,2.4361201748251915,0.9466584883630276,0.6231917319819331,0.06286237854510546,8909.567386843264,11581.893311813474,15280.805803835392,,,-12.608655698970027,-7.0131612534083665,-13.315092703561444,-0.15115671157836919,4,56
0.0,0.0,0.0,2.0,2.0,1.0,4.291126989759505,1.4486922707408667,4.66094496846199,0.12139536254107952,0.774490007199347,0.42628632578998804,13297.403678297997,19107.35894087702,11583.672468550503,18.557777182492625,-0.01133773801974669,-13.214214822392488,-13.21421482239249,-13.21421482239249,-0.2333333333333334,4,56
0.0,0.0,1.0,2.0,0.0,0.0,7.894668805412948,1.4652842133305968,1.913285005837679,0.6854239720851183,0.4884752109646797,0.6195155633613467,3226.1575646698475,7103.705320507288,1026.1454908177257,,0.0,-11.952508334844747,-11.952508334844747,-11.952508334844747,-0.2333333333333334,4,56
0.0,0.0,1.0,2.0,2.0,1.0,8.649594963062555,1.2764574805274607,2.9358756691217422,0.5400812299922109,0.25106837321072817,0.8464878052473068,12078.705343417823,16197.066904976964,14531.734491698444,,0.0,-12.045772337542559,-12.045772337542559,-12.045772337542559,-0.2333333333333334,4,56
0.0,0.0,1.0,2.0,2.0,2.0,3.085022991988808,1.6102502745576204,3.6852297224104404,0.22715695295482874,0.9806866832077503,0.16813513077795506,4343.105263076723,9091.850678436458,5198.41789919883,,0.0,-12.920524348215235,-12.920524348215235,-12.920524348215235,-0.2333333333333334,4,56
0.0,0.0,0.0,2.0,1.0,0.0,5.371734022162855,1.2503695332445206,1.4140180312097073,0.8415072290226817,0.6358001362532377,0.33685690723359585,17785.588355734944,2218.9151532948017,9786.49191558361,11.775329598026214,-0.0013343735715072302,-13.915656922318588,-5.483197211514689,-11.073460588099643,0.07812563478946677,4,56
0.0,0.0,1.0,2.0,1.0,0.0,11.612943564541638,1.6603481380268932,4.160212434828281,0.4024841031059623,0.09978486504405737,0.6465727500617504,7709.703428670764,14185.453169979155,19452.960150316358,,0.0,-13.26900983574525,-13.373765255088363,-9.692558258260636,-0.10291390791535371,4,56
0.0,0.0,1.0,2.0,1.0,1.0,11.930884332861751,1.398667128290981,1.225187812000513,0.18256335519254208,0.5047762775793672,0.5298357112333179,10678.097933530807,17560.418017208576,14014.45641554892,,0.0,-12.961216637123423,-12.961216637123425,-12.961216637123425,-0.2333333333333334,4,56
0.0,0.0,0.0,2.0,0.0,2.0,5.053812361788005,1.5133333634585142,4.474049791693687,0.6204881016165018,0.2282910719513893,0.4535348126664758,5316.338185220957,10418.098007328808,3493.7857016921043,11.13973759622476,-0.0028826554075621624,-12.73387359983886,-12.519741603747073,-10.573995868082292,-0.15453929230570795,4,56
0.0,0.0,0.0,2.0,2.0,2.0,2.0904434006661177,1.1746440440416337,2.7492285445332527,0.4514731839299202,0.3895996082574129,0.035835144110023975,19186.77503336221,1264.3411960452795,9269.057591445744,,,-10.725876123651133,-11.327113581678152,-13.498276974102234,-0.3596521981060504,4,56
0.0,1.0,0.0,2.0,0.0,0.0,10.842508583362042,1.3097696324633235,3.0,0.9999777567822876,0.9997154310790346,0.5148607995856832,3063.1255639511674,2845.9738635142867,6401.707395688358,,,-11.421929032491551,-11.421929032491551,-11.421929032491551,-0.2333333333333334,4,56
0.0,1.0,0.0,2.0,0.0,0.0,7.309808306951328,1.291141118602456,3.0,0.8994959414387522,0.9625623604118092,0.5146630853362405,3294.9589420673497,3029.8433471931157,7352.933246429509,,,-11.527130298911265,-11.527130298911267,-11.527130298911267,-0.2333333333333334,4,56
0.0,1.0,0.0,2.0,0.0,0.0,10.688774494999452,1.3107205816092602,3.0,0.9998191574344985,0.9996583705180669,0.5147161913083834,3051.8340952610884,3035.30915869242,2777.1291865478133,,,-11.42298021885893,-11.422980218858932,-11.422980218858932,-0.2333333333333334,4,56
0.0,1.0,0.0,2.0,0.0,0.0,7.244956239377798,1.3086203083074894,3.0,0.999290384401438,0.9637437565838667,0.5147277554381492,3057.201434107961,3397.290689659401,7357.581896061407,,,-11.42168705944784,-11.42168705944784,-11.42168705944784,-0.2333333333333334,4,56
0.0,1.0,0.0,2.0,0.0,0.0,12.485914308619085,1.3093615406529038,3.0,0.8965699977887551,0.9996720836336889,0.5148650618788586,3020.028705896513,3056.7134601495513,7361.068475798696,,,-11.546990231963294,-11.546990231963296,-11.546990231963296,-0.2333333333333334,4,56
0.0,1.0,0.0,2.0,0.0,0.0,10.856003811646666,1.308616185415436,3.0,0.9998328929859586,0.9997044214993128,0.5147161913083834,3117.717803945358,3412.0615125706026,7357.502477672315,,,-11.421047745743579,-11.421047745743579,-11.421047745743579,-0.2333333333333334,4,56
0.0,1.0,0.0,2.0,0.0,0.0,7.275876183961966,1.2803771228433922,3.0,0.8990181136213324,0.999488121300642,0.5146232080032668,3221.071808914764,3059.2085039582203,7237.767400662532,,,-11.518029657229473,-11.518029657229473,-11.518029657229473,-0.2333333333333334,4,56
0.0,1.0,0.0,2.0,0.0,0.0,12.357324660381408,1.31374744081821,3.0,0.9998193247224926,0.9995090489767253,0.5144895848023355,3033.6945434591394,3029.893473541432,2609.63198834228,,,-11.425729273337094,-11.425729273337096,-11.425729273337096,-0.2333333333333334,4,56
0.0,1.0,0.0,2.0,0.0,0.0,7.322213206135542,1.2889179853052182,3.0,0.9998375353923025,0.9967697069317498,0.5145187312620356,18113.484635193905,3142.412578663096,7401.100055909066,,,-11.402902311412927,-11.402902311412928,-11.402902311412928,-0.2333333333333334,4,56
0.0,1.0,0.0,2.0,0.0,0.0,7.309893277602478,1.2893667048059643,3.0,0.9017977057014485,0.9625623604118092,0.5146630853362407,19299.108264961593,3033.8244503279184,7354.660347554945,,,-11.522636966241455,-11.522636966241455,-11.522636966241455,-0.2333333333333334,4,56
0.0,1.0,0.0,2.0,1.0,0.0,7.248399500952818,1.1617973363188432,3.0,0.8381519485447516,0.9339217328723054,0.49898703774982617,2149.0258055828563,4498.518523639572,9886.820351449898,,,-11.484723692150556,-11.484723692150558,-11.484723692150558,-0.2333333333333334,4,56
0.0,1.0,0.0,2.0,1.0,1.0,12.46291477718468,1.1734648319843564,3.0,0.8417099129528474,0.9357186618187402,0.4831979084771119,1915.659774777285,4592.177942118036,9891.180095385147,,,-11.49157021825728,-11.491570218257282,-11.491570218257282,-0.2333333333333334,4,56
0.0,1.0,0.0,2.0,1.0,1.0,12.462386577348944,1.2862461920225572,3.0,0.8417277166304902,0.9358374523685383,0.48314950491474007,1947.1886793859214,4981.187237302469,9886.243729876442,6.912350878781699,-0.16755491094042718,-11.597241637419245,-11.597241637419245,-11.597241637419245,-0.2333333333333334,4,56
0.0,1.0,0.0,1.0,0.0,0.0,7.26249568764666,1.343443134472921,3.0,0.8562135022513393,0.7991170380725395,0.5,2679.9563831024907,4525.272413208162,10500.0,9.236453335165814,-0.029360103353907374,-12.412266536755386,-0.17722447044342893,0.0,-0.16070636954196837,4,56
0.0,1.0,0.0,2.0,0.0,0.0,6.30928024430912,1.3418761502797047,3.0,0.8384067152933619,0.7988965594051878,0.4838067386823371,2532.1107317823917,9502.760873925703,9886.351362103267,9.913266538948482,-0.0033501023269606467,-11.649251600527682,-11.649251600527684,-11.649251600527684,-0.2333333333333334,4,56
0.0,1.0,0.0,1.0,0.0,0.0,7.162377077094336,1.340996424910065,3.0,0.84112406747213,0.7988818440815971,0.5,3616.3236396414245,5696.763092352433,10500.0,9.275907437412899,-0.0023383521621764825,-12.420991082063757,-0.3569291029283015,0.0,-0.16089452473472232,4,56
0.0,1.0,0.0,2.0,0.0,0.0,7.150781970103617,1.342289783945249,3.0,0.8385707576066617,0.799007794522056,0.4838793091585965,2683.157387116528,5741.4452227775,9898.499172326245,9.259361563397073,-0.007688060382788353,-11.649382081579388,-11.64938208157939,-11.64938208157939,-0.2333333333333334,4,56
0.0,1.0,0.0,2.0,1.0,0.0,7.248430959207729,1.1575105851424994,3.0,0.8562621820438038,0.9337813585019552,0.4830640363050529,1965.984425067902,5748.084703315652,9885.624630370527,,,-11.4557649326118,-11.4557649326118,-11.4557649326118,-0.2333333333333334,4,56
0.0,1.0,0.0,2.0,0.0,0.0,7.098923373824162,1.3281683576520422,3.0,0.8409568029258876,0.9342580675475788,0.4806760014639139,2499.1206791637364,5733.0140874917,9885.813868049907,9.502532745426286,-0.0015061998730561132,-11.634432271174003,-11.634432271174003,-11.634432271174003,-0.2333333333333334,4,56
0.0,1.0,0.0,2.0,0.0,1.0,12.427868905714874,1.3423404717492275,3.0,0.8417097917689795,0.9356437504062641,0.4831045778469767,1946.2260657924883,6513.559775624987,9891.229360076093,6.92429735038762,-0.4497872192621919,-11.645339565379631,-11.645339565379633,-11.645339565379633,-0.2333333333333334,4,56
0.0,1.0,0.0,2.0,0.0,2.0,12.43511505467197,1.6802439933684787,3.0,0.9840816486796073,0.9421192967180091,0.588235067243381,2165.336505911788,5610.097435655915,10510.001113759374,,,-11.724233514416593,-11.724233514416595,-11.724233514416595,-0.2333333333333334,4,56
0.0,1.0,0.0,1.0,0.0,1.0,12.435626462454541,1.3313174754880563,3.0,0.9999903981047338,0.9270441573413916,0.5,2246.798697443146,5159.084431328744,10500.0,6.803653903860429,-0.3191258266519772,-13.172262279762434,9.657648039435081,0.0,-0.05836467412688673,4,56
0.0,1.0,0.0,2.0,0.0,1.0,12.43990144988861,1.6712452046542556,3.0,0.9998040979579698,0.9385055106045879,0.5069540909435551,2397.348013704446,5453.588508518856,10480.5408277499,,,-11.701302310498358,-11.701302310498358,-11.701302310498358,-0.2333333333333334,4,56
0.0,1.0,1.0,2.0,0.0,1.0,12.28259076386525,1.4350818380159645,3.0,0.8434602895375248,0.758032114250533,0.48225702130722736,2203.067695464715,5200.056029105628,10264.652673108276,,0.0,-11.716995554519036,-11.716995554519038,-11.716995554519038,-0.2333333333333334,4,56
0.0,1.0,0.0,2.0,0.0,1.0,12.269490846458044,1.742764543284328,3.0,0.997599164182825,0.9230117382596876,0.5058519622018844,2290.0361227774993,5421.564248587563,10195.63041113915,,,-11.749407036864634,-11.749407036864634,-11.749407036864634,-0.2333333333333334,4,56
0.0,1.0,0.0,1.0,0.0,1.0,12.44529606999744,1.3559343302412947,3.0,0.9992888159724679,0.8787006809407739,0.5,2212.980255699247,5290.650040279188,10500.0,6.852383385156881,-0.8065386712558911,-12.890157883235956,5.95845814412997,0.0,-0.09703945524738089,4,56
0.0,1.0,0.0,2.0,0.0,2.0,12.428204074337847,1.6408716627643216,3.0,0.882815947260065,0.9424560483468035,0.7237116248734679,2379.1251262005235,5476.995975416974,10448.212045594457,,,-11.813351714713143,-11.813351714713145,-11.813351714713145,-0.2333333333333334,4,56
0.0,1.0,0.0,2.0,0.0,1.0,12.439367381696947,1.6712452046507709,3.0,0.8814571071600306,0.9371584890361921,0.5069870786063266,2286.484903571171,5224.359967990275,10252.088995222552,,,-11.834366931758197,-11.834366931758197,-11.834366931758197,-0.2333333333333334,4,56
0.0,1.0,0.0,1.0,0.0,1.0,12.43723783361094,1.3102106498342636,3.0,0.8488160922382153,0.8792630384862401,0.5,2380.8134868861653,5148.657734341127,10500.0,6.8826994935179195,-0.23571079217384727,-12.94514216493136,3.978320391819988,0.0,-0.09658956921100792,4,56
0.0,1.0,0.0,2.0,0.0,2.0,12.436045518465557,1.673953447657278,3.0,0.9604068325008532,0.9395379256017019,0.7368700650594212,2257.504524988941,5378.831147780899,10204.399247704432,,,-11.746153382882772,-11.746153382882774,-11.746153382882774,-0.2333333333333334,4,56
0.0,1.0,0.0,2.0,0.0,1.0,12.360729037238325,1.7994240065793927,3.0,0.8481806191470918,0.8387425579795066,0.4612883060281884,13074.420492817815,10081.055786528963,10490.705816811505,,,-11.949931182551031,-11.949931182551033,-11.949931182551033,-0.2333333333333334,4,56
0.0,1.0,0.0,1.0,0.0,1.0,12.447414503721898,1.375312488416457,3.0,0.8528398055061345,0.7962652469900676,0.5,12116.784412468012,8112.110529365092,10500.0,6.924279889093061,-0.7165992558158644,-12.409318986380592,-0.5929489557212797,0.0,-0.16298780240794586,4,56
0.0,1.0,0.0,2.0,0.0,1.0,12.453136209770019,1.785082810192461,3.0,0.8398430444016225,0.8523667790025229,0.464116530953135,2735.7580081695933,8387.072491728108,10495.692596738458,,,-11.95162138349742,-11.951621383497422,-11.951621383497422,-0.2333333333333334,4,56
0.0,1.0,0.0,2.0,0.0,1.0,12.39712083987839,1.3813062813331158,3.0,0.8411913565311023,0.8386436045169443,0.5013458700087111,2731.315721692989,7559.041057996172,10131.008812126149,6.9660041820259995,-0.7258922641663119,-11.677852762456268,-11.67785276245627,-11.67785276245627,-0.2333333333333334,4,56
0.0,1.0,0.0,2.0,0.0,1.0,12.429833901089964,1.4476565883466772,3.0,0.8476250329245779,0.8768385326282975,0.501557324081002,2485.03566238892,6689.608810893613,10492.497141694852,,,-11.72126629336647,-11.72126629336647,-11.72126629336647,-0.2333333333333334,4,56
0.0,1.0,0.0,2.0,0.0,1.0,12.412921268186391,1.7997800055158888,3.0,0.8486992328512811,0.8299471778290525,0.50287848862987,1046.1142986354143,8135.936051642283,3383.867181963614,,,-11.949524205383774,-11.949524205383776,-11.949524205383776,-0.2333333333333334,4,56
0.0,1.0,0.0,2.0,0.0,1.0,12.457487426627434,1.3804237359242824,3.0,0.9970407008838194,0.8781772734598392,0.5026610460344993,2483.2431194133314,6646.137964570117,8424.11482211814,,,-11.487428955392858,-11.48742895539286,-11.48742895539286,-0.2333333333333334,4,56
0.0,1.0,0.0,2.0,0.0,1.0,12.452863822200035,1.7983728393476146,3.0,0.9953475690245573,0.8778222224447975,0.5029142634353131,2557.1025406819313,8198.476961982908,3323.321983650986,,,-11.785640135369139,-11.78564013536914,-11.78564013536914,-0.2333333333333334,4,56
0.0,1.0,0.0,2.0,0.0,1.0,12.43192748181742,1.4384525849125556,3.0,0.9967157684492427,0.8772564801327771,0.5005679635167147,2578.107307130741,6342.749183845995,8005.771379683672,,,-11.535681968097597,-11.535681968097599,-11.535681968097599,-0.2333333333333334,4,56
0.0,1.0,0.0,1.0,0.0,1.0,12.430223900039799,1.378211709313894,3.0,0.851154497980233,0.8056839362001935,0.5,11356.18775925874,8035.417745384862,10500.0,6.928031530144331,-0.7214163274109592,-12.48162317541619,-0.23908983495732272,0.0,-0.15545285103984519,4,56
0.0,1.0,0.0,1.0,0.0,1.0,12.440580601623493,1.4048997118544844,3.0,0.8387991780226445,0.8144274149969251,0.5,4244.827032266204,11983.243124346933,10500.0,,,-12.564859203893208,-0.2372484493686411,0.0,-0.14845806800245998,4,56
0.0,1.0,0.0,2.0,0.0,1.0,12.431557982729576,1.585740774468046,3.0,0.9996154912183456,0.8135221206850517,0.5000864031012503,2410.0012346293647,7035.12417586654,10499.511153555699,,,-11.643254883108368,-11.643254883108368,-11.643254883108368,-0.2333333333333334,4,56
0.0,1.0,0.0,1.0,0.0,1.0,12.44408197440117,1.374757450358455,3.0,0.9067076288856807,0.8164130412204476,0.5,14568.099649322969,7637.921062596338,10500.0,6.886230166041803,-0.7604811474716402,-12.51944059852701,0.9831090554840198,0.0,-0.14686956702364196,4,56
0.0,1.0,0.0,2.0,0.0,1.0,12.440333268605265,1.4143484655611216,3.0,0.9973947076272366,0.8104191252291773,0.5000499976176878,4381.010007205818,6973.4575940752675,10045.128991334901,,,-11.515336114186871,-11.515336114186873,-11.515336114186873,-0.2333333333333334,4,56
0.0,1.0,0.0,1.0,0.0,1.0,12.443655752943087,1.4230915733828298,3.0,0.8392836568335396,0.8145907246861992,0.5,4259.203318746091,11983.243124346933,10500.0,,,-12.573422251854321,-0.36627252567502744,0.0,-0.14832742025104062,4,56
0.0,1.0,0.0,2.0,0.0,1.0,12.421289650048799,1.7989777144392805,3.0,0.9948345717912825,0.9345013643990556,0.5000436145253228,1649.0518607043348,7729.033277216801,10498.940419157385,,,-11.786542515255976,-11.786542515255977,-11.786542515255977,-0.2333333333333334,4,56
0.0,1.0,0.0,2.0,0.0,1.0,12.428211143461457,1.4569620483389034,3.0,0.9974719442747207,0.9355947750374826,0.5000500000390607,2381.5400604719184,7729.2559927413895,10499.106481065177,,,-11.549558834726877,-11.549558834726877,-11.549558834726877,-0.2333333333333334,4,56
0.0,1.0,0.0,2.0,0.0,1.0,12.421195803041373,1.7989777144392805,3.0,0.9948345717912825,0.934504146016365,0.5000467080664166,1649.0958473156907,7729.016716266954,10498.951577277216,,,-11.786542515255976,-11.786542515255977,-11.786542515255977,-0.2333333333333334,4,56
0.0,1.0,0.0,2.0,0.0,1.0,12.429054105014108,1.7978410624715526,3.0,0.9997510612493837,0.7936507265995774,0.5000499999216883,2236.0821164126664,6998.866665864701,10499.574840900099,,,-11.780676618857692,-11.780676618857692,-11.780676618857692,-0.2333333333333334,4,56
0.0,1.0,0.0,1.0,0.0,0.0,12.443334377801124,1.3718943643765846,3.0,0.8820575354140414,0.8159417833657416,0.5,15000.376858682494,7263.994890165024,10500.0,6.896825803011616,-0.7307194918255709,-12.531250977842145,0.6644041591023768,0.0,-0.14724657330740665,4,56
0.0,0.0,0.0,2.0,0.0,0.0,12.227513837298726,1.362891997904843,4.486452661995329,0.600961719040322,0.7438567281515057,0.48975622005966646,2479.6794441670568,5247.343138669105,10544.956036527881,7.518451042039877,-0.36556972338328086,-12.008214165630083,-12.008214165630083,-12.008214165630083,-0.2333333333333334,4,56
0.0,0.0,0.0,2.0,0.0,0.0,12.498971162099227,1.7841600622465987,4.404368497508171,0.6078335367762164,0.6974732409460959,0.4278620019688477,2000.2427278548626,1993.8465782807689,1482.4639220199876,,,-12.255038074927597,-12.255038074927597,-12.255038074927597,-0.2333333333333334,4,56
0.0,1.0,0.0,1.0,0.0,0.0,12.393527078284388,1.3751780870453192,3.0,0.8774015618349627,0.7821562980550051,0.5,15251.056386388702,5064.803490690893,10500.0,6.915735837336866,-0.7423654763771779,-12.280560098689708,-0.8869021226291309,0.0,-0.17427496155599598,4,56
0.0,0.0,0.0,2.0,0.0,0.0,12.247445446362894,1.3656949427321887,3.8668258152629162,0.610724068848336,0.7430360099630254,0.48613438962744526,2491.6336619268604,5189.446427006696,9887.056869062208,7.49049923217387,-0.39611479429300034,-11.994643040183789,-11.994643040183789,-11.994643040183789,-0.2333333333333334,4,56
0.0,0.0,0.0,2.0,0.0,0.0,12.380360930488148,1.3692491571814607,4.454436221753445,0.43171950895068667,0.7947754765298055,0.4903183568013431,2469.0044528416856,5140.7166305824885,1489.8204791200342,8.539693067187514,-0.41561198672969124,-12.314188482948374,-12.314188482948374,-12.314188482948374,-0.2333333333333334,4,56
0.0,1.0,0.0,1.0,0.0,0.0,12.378215245359728,1.3762557152276467,3.0,0.879102091706372,0.7794802047037687,0.5,13846.55575168823,5023.678198263326,10500.0,6.919304488675308,-0.7444237092954833,-12.258398080127916,-0.985402405282235,0.0,-0.1764158362369851,4,56
0.0,1.0,0.0,1.0,0.0,0.0,12.389622997825073,1.3704654635779303,3.0,0.8797797401519186,0.7848187334085716,0.5,15370.12706167395,6870.865340584746,10500.0,6.891512340399499,-0.7189545669127724,-12.297134719920624,-0.7137135828297758,0.0,-0.1721450132731428,4,56
0.0,0.0,0.0,2.0,0.0,0.0,12.237597991965133,1.366127723775513,4.108283030043154,0.5818273160860243,0.6537767689665027,0.4909754117425265,2482.297427073543,5153.200511653537,1541.2733652683348,7.600273501382823,-0.3877512881254681,-12.04167148596096,-12.04167148596096,-12.04167148596096,-0.2333333333333334,4,56
0.0,0.0,0.0,2.0,0.0,0.0,12.498972190937128,1.7843184834647245,4.436631251412887,0.5963696459509609,0.7302746449664835,0.4278843953298422,1993.1734566274522,1901.9520453260948,1477.567047801471,,,-12.271964458670551,-12.271964458670551,-12.271964458670551,-0.2333333333333334,4,56
0.0,0.0,0.0,2.0,0.0,0.0,12.45595175383899,1.598289800602004,4.440861670555669,0.5756537924762823,0.7473860285584644,0.4304889198018632,2477.058487800945,1897.5852340208319,1473.8793933795941,,,-12.20212040190766,-12.20212040190766,-12.20212040190766,-0.2333333333333334,4,56
0.0,1.0,0.0,1.0,0.0,0.0,12.381226986013644,1.3781984890084589,3.0,0.8616587600838622,0.7992310152893791,0.5,12848.234867339394,8189.335270328348,10500.0,6.921198676097271,-0.7342053325676896,-12.42613051947339,-0.3827822022742353,0.0,-0.1606151877684967,4,56
0.0,1.0,0.0,2.0,0.0,0.0,12.37810093608884,1.7984174472480463,3.0,0.8612706527747325,0.8032800983705833,0.4938065712793416,11313.122088750173,8196.204520292245,10499.908869843859,,,-11.934083439565178,-11.934083439565178,-11.934083439565178,-0.2333333333333334,4,56
0.0,0.0,0.0,2.0,0.0,0.0,12.215682432469572,1.3771278277902537,3.3319153609131096,0.8414271077827371,0.8001802715523554,0.49365830934374777,4962.330845162988,8097.95266149388,10500.676761203129,7.072548825815797,-0.7239449635324174,-11.674192265634336,-11.674192265634336,-11.674192265634336,-0.2333333333333334,4,56
0.0,0.0,0.0,2.0,0.0,0.0,12.406853005797165,1.3667209119443018,3.3410380925879926,0.9907317928332489,0.9162572419798275,0.49350291051819545,5045.739288761806,6598.818900535108,10499.978130198117,6.8545622471688965,-0.8012125108461509,-11.483040804495541,-11.483040804495543,-11.483040804495543,-0.2333333333333334,4,56
0.0,0.0,0.0,2.0,0.0,0.0,12.38995322400956,1.3745435462532973,3.0000702331218028,0.8410805003420498,0.9184238585940687,0.4991326124477083,5303.22431673086,8195.618411589076,10500.967862643278,6.967776922883209,-0.7189074584979173,-11.672556373659443,-11.672556373659443,-11.672556373659443,-0.2333333333333334,4,56
0.0,1.0,0.0,2.0,0.0,0.0,12.390649954915935,1.7976124833242313,3.0,0.999318974526863,0.920290161257171,0.49958619065134524,10880.52817850785,8200.921484030072,10499.868450623504,,,-11.780995541264314,-11.780995541264314,-11.780995541264314,-0.2333333333333334,4,56
0.0,1.0,0.0,2.0,0.0,0.0,12.377826992603385,1.6773784356526404,3.0,0.8620840477925004,0.802666019172218,0.49465526228244333,10975.652874945306,8189.913153605927,10748.588307265776,,,-11.861077670797314,-11.861077670797314,-11.861077670797314,-0.2333333333333334,4,56
0.0,1.0,0.0,2.0,0.0,0.0,12.398685124501878,1.3705839801856303,3.0,0.9881916121322003,0.9232161509837683,0.49994130980821017,10882.972200827038,8219.526515839916,10500.766520478888,6.859131727452006,-0.8058748554961163,-11.489298014918786,-11.489298014918788,-11.489298014918788,-0.2333333333333334,4,56
0.0,0.0,0.0,2.0,0.0,0.0,12.215682432469572,1.3781589277548953,3.331929616478795,0.8420019848793798,0.912181310738361,0.494286699714256,4962.830527752804,6660.216437587458,9893.611842174605,7.0709905971124645,-0.7259915046489833,-11.674281278020858,-11.67428127802086,-11.67428127802086,-0.2333333333333334,4,56
0.0,0.0,0.0,2.0,0.0,0.0,12.39109127710021,1.3667145535938103,3.3319388451684673,0.8595384135826851,0.8003426966113736,0.4943479036305227,3605.7963879089343,6389.336265892853,10500.30801422777,6.888367400892424,-0.6688106596980975,-11.642526195816071,-11.642526195816073,-11.642526195816073,-0.2333333333333334,4,56
0.0,0.0,0.0,2.0,0.0,0.0,12.405380624326561,1.4529117594402907,3.6023163891826457,0.9895721810445076,0.7981223323689348,0.5000134605447208,12366.078104532524,5146.911039518639,8073.282484400316,,,-11.555328638512666,-11.555328638512668,-11.555328638512668,-0.2333333333333334,4,56
0.0,0.0,0.0,2.0,0.0,0.0,12.40418166464605,1.4533457464105963,3.775688069779563,0.9903680566233382,0.7993671649964639,0.8177904618303402,12491.35154263078,4627.922244143428,10500.449372416617,,,-11.554765507379967,-11.554765507379969,-11.554765507379969,-0.2333333333333334,4,56
0.0,0.0,0.0,2.0,0.0,0.0,12.404173040133417,1.4532936848463989,3.7828018132633403,0.9904253311533565,0.799392156419681,0.8125839755359443,12161.693588795297,4627.401123069149,10500.36713151917,,,-11.554659183395419,-11.55465918339542,-11.55465918339542,-0.2333333333333334,4,56
0.0,0.0,0.0,2.0,0.0,0.0,12.401813804877747,1.4530941590341964,3.7430451321831337,0.9903768101388851,0.7995797120191691,0.4959594040378153,9916.452946155297,5255.609702128258,8027.528009645648,,,-11.554556720866518,-11.554556720866518,-11.554556720866518,-0.2333333333333334,4,56
0.0,0.0,0.0,2.0,0.0,0.0,12.409787507889504,1.3786374090086597,3.7257136130384776,0.9849566110081321,0.7993576106208145,0.5000056725499892,9764.37784332374,5065.757971951126,10502.874069292817,,,-11.499903970179338,-11.49990397017934,-11.49990397017934,-0.2333333333333334,4,56
0.0,0.0,0.0,2.0,0.0,0.0,12.403354155506003,1.3787361005945278,3.7320120776289776,0.9900101417795742,0.7993630656503595,0.8154482623820566,12298.65534390058,4612.407913677236,10502.069658748453,6.861127963735755,-0.8140299168770488,-11.494122849209294,-11.494122849209294,-11.494122849209294,-0.2333333333333334,4,56
0.0,0.0,0.0,2.0,0.0,0.0,12.40174311060037,1.383040402592125,3.743065792117758,0.9904880675152851,0.796856653345649,0.4954362774338566,9765.63718468479,5069.943853667991,8024.969192367768,,,-11.49721058428606,-11.49721058428606,-11.49721058428606,-0.2333333333333334,4,56
0.0,0.0,0.0,2.0,0.0,0.0,12.400461850240696,1.3710659864455503,3.9307511615843085,0.9901587170055173,0.7970156669714458,0.4997466400084289,12197.258985600427,5385.6721789517505,10520.784821658377,6.859940007409897,-0.8082593177639137,-11.487424948387662,-11.487424948387662,-11.487424948387662,-0.2333333333333334,4,56
0.0,0.0,0.0,2.0,0.0,0.0,12.403379763633453,1.372689988866414,3.9978547039306824,0.9667129455059378,0.7966812656550919,0.49372387627529135,12292.952923342064,5240.816558249779,10519.861451007162,6.860978100933919,-0.8109320023908603,-11.516224741318803,-11.516224741318805,-11.516224741318805,-0.2333333333333334,4,56
0.0,1.0,0.0,1.0,0.0,0.0,12.402646732375652,1.3757832323767811,3.0,0.9674435715715083,0.7180275769832153,0.5,12995.837182792575,6532.76499198642,10500.0,6.862309663319398,-0.8127260435597777,-11.617597973428255,-2.5184214967715235,0.0,-0.22557793841342777,4,56
0.0,1.0,0.0,2.0,0.0,0.0,11.948027369461728,1.7964074234398284,3.0,0.8042453314879352,0.772578910629688,0.49955504666283956,17206.06453577193,7813.550202061922,10500.533221907595,,,-12.00067950172887,-12.00067950172887,-12.00067950172887,-0.2333333333333334,4,56
0.0,1.0,0.0,1.0,0.0,0.0,12.371410941734574,1.3731559145870806,3.0,0.34775169183253757,0.3519103153756321,0.5,16739.922941445042,10618.504970628192,10500.0,8.588007029747585,-0.44637169473395555,-9.505485393876349,-12.139420199495955,0.0,-0.5184717476994943,4,56
0.0,1.0,0.0,1.0,0.0,0.0,12.31256180648359,1.3714156543133402,3.0,0.33603202206256316,0.11442685640443628,0.5,16663.808235073197,9129.592700561134,10500.0,8.70373233816148,-0.4324929982508028,-5.9581278154649535,-13.315160644920857,0.0,-0.708458514876451,4,56
0.0,1.0,0.0,1.0,0.0,1.0,12.278248266314927,1.6024295257987031,3.0,0.31750423956569035,0.1165500624071628,0.5,16774.8788675572,14673.831537381939,10500.0,,,-7.398351431175495,-13.37444978072727,0.0,-0.7067599500742698,4,56
0.0,1.0,0.0,1.0,0.0,0.0,12.22220451445263,1.3733586466530934,3.0,0.3470078832022529,0.3551769202210412,0.5,16759.220708383546,10574.04780176451,10500.0,8.617483999368343,-0.4566968529221105,-9.55221596855553,-12.121163928722055,0.0,-0.515858463823167,4,56
0.0,1.0,0.0,1.0,0.0,1.0,11.97551942824657,1.7987368367968917,3.0,0.3360389981336507,0.3469006288279444,0.5,16740.874107177646,16015.117594645295,10500.0,,,-10.397885766000954,-12.476115466055232,0.0,-0.5224794969376445,4,56
0.0,1.0,0.0,1.0,0.0,0.0,12.370872269598637,1.450307186168189,3.0,0.318452351482596,0.08932746220276044,0.5,16776.81884130526,9163.411526401182,10500.0,,,-6.258373997841769,-13.4337611501165,0.0,-0.7285380302377917,4,56
0.0,1.0,0.0,1.0,0.0,0.0,12.373500942109828,1.4514410387379875,3.0,0.34828807675362866,0.3504004536115548,0.5,16752.256020753688,11005.615626866998,10500.0,,,-9.668535920794728,-12.206860469458668,0.0,-0.5196796371107562,4,56
0.0,1.0,0.0,1.0,0.0,1.0,11.949410992114087,1.6032552808667835,3.0,0.3197824853641375,0.16401652563016542,0.5,16747.989588215944,14378.58666382867,10500.0,,,-8.057312948058584,-13.209022723941429,0.0,-0.6687867794958677,4,56
0.0,1.0,0.0,1.0,0.0,1.0,11.97597556857678,1.7999999999999998,3.0,0.3260149900845406,0.08247668508112387,0.5,16727.37514864347,16012.042017578768,10500.0,,,-7.455772369867266,-13.504943565146034,0.0,-0.7340186519351009,4,56
0.0,1.0,0.0,1.0,1.0,0.0,12.386039261182036,1.3755012707222678,3.0,0.8336468649144632,0.8270559057749384,0.5,12530.475661362054,6796.7696428326735,10500.0,6.951871198484172,-0.7129097304371358,-12.642929858543368,0.4840936668800353,0.0,-0.13835527538004933,4,56
0.0,0.0,0.0,2.0,0.0,0.0,12.289334374844918,1.3767241076593306,3.393330462862127,0.840858951800166,0.7908534786195219,0.4864477744681644,6303.501482395268,5220.442436192997,2114.5590540558114,7.060490073651095,-0.7478213854178839,-11.67459974283239,-11.674599742832392,-11.674599742832392,-0.2333333333333334,4,56
0.0,1.0,0.0,2.0,2.0,0.0,12.394578588199643,1.3751263470182091,3.0,0.8405527202203844,0.7781667677224091,0.9878283509977619,12540.08721939186,6813.697179224529,10114.335360391298,6.923679051082412,-0.7215402576106503,-11.673707432654846,-11.673707432654847,-11.673707432654847,-0.2333333333333334,4,56
0.0,0.0,0.0,2.0,2.0,0.0,12.296176390086975,1.3715394837330726,3.387327598830421,0.8393510233146072,0.7788078438733858,0.997627187316084,5201.456239991612,4118.887122244083,1589.336835078826,6.977292036246729,-0.7173241431339414,-11.672363072446423,-11.672363072446425,-11.672363072446425,-0.2333333333333334,4,56
0.0,1.0,0.0,2.0,2.0,0.0,12.29115957966827,1.3766466067626766,3.0,0.820005258867966,0.8413977763153688,0.9955509204566803,12168.370726643241,5927.959807380524,10109.830760979587,7.057621089482159,-0.6690427005454815,-11.701651505327913,-11.701651505327915,-11.701651505327915,-0.2333333333333334,4,56
0.0,1.0,0.0,1.0,0.0,0.0,12.390363617517014,1.3514764217925326,3.0,0.8423806621480523,0.7659357398055541,0.5,12428.087160756299,7773.773742516965,10500.0,6.923809708256256,-0.549016296864058,-12.167102077838724,-1.7533065393442193,0.0,-0.18725140815555674,4,56
0.0,0.0,0.0,2.0,0.0,0.0,12.32593128481955,1.3775792977377135,3.393187010055814,0.8442458746792676,0.7920476507903663,0.4916083742951027,5043.04590327407,4785.179867700633,1875.7761355503199,7.055804210327404,-0.7492128065319483,-11.670926821331511,-11.670926821331511,-11.670926821331511,-0.2333333333333334,4,56
0.0,0.0,0.0,2.0,2.0,0.0,12.222699197471202,1.3803838008692864,3.3762839743590396,0.8403464659619341,0.7700496075595727,0.9954809480679506,6437.766105946136,5116.455229961237,2595.4727466341055,7.038892507263426,-0.7480665077705566,-11.678201581525585,-11.678201581525585,-11.678201581525585,-0.2333333333333334,4,56
0.0,0.0,0.0,2.0,0.0,0.0,12.288078796069426,1.3766773498619682,3.4061803152776546,0.8421007595036658,0.7219286771795476,0.4888336581054989,6460.263919348405,5188.889506839241,1595.926253179271,7.053894805435135,-0.7481575111941239,-11.67296139664659,-11.67296139664659,-11.67296139664659,-0.2333333333333334,4,56
0.0,0.0,0.0,2.0,0.0,0.0,12.287324023714369,1.3755738944378033,3.393373717009808,0.9582767021751399,0.7699947005810145,0.48789447212866127,3266.6465823528256,5144.730806114026,2138.4312592168553,6.853614753446935,-0.799916606048116,-11.52862449407996,-11.528624494079962,-11.528624494079962,-0.2333333333333334,4,56
0.0,1.0,0.0,1.0,1.0,0.0,12.34774262545258,1.4494726805497162,3.0,0.9878575165550038,0.6750904361490667,0.5,14160.654728760577,9279.646438515232,10500.0,,,-11.197165632268941,-4.244614745669596,0.0,-0.25992765108074667,4,56
0.0,1.0,0.0,1.0,1.0,0.0,12.396316935224599,1.374018907328863,3.0,0.9884747447248138,0.6739336187162623,0.5,12791.558297952675,8670.40099466463,10500.0,6.859288948266166,-0.8062598807545449,-11.108893553897346,-3.9045778043452763,0.0,-0.2608531050269901,4,56
0.0,1.0,0.0,1.0,1.0,0.0,12.367062785552548,1.3774304034008196,3.0,0.9888002791854762,0.6753474111045492,0.5,12324.878272633896,8911.177479440204,10500.0,6.859289273094868,-0.8071434512090739,-11.128433631830701,-3.872601767933036,0.0,-0.2597220711163607,4,56
0.0,1.0,0.0,1.0,1.0,0.0,12.329963820457277,1.4116835718635028,3.0,0.9899385599531682,0.6675966848960271,0.5,13081.641746955678,8583.374691442576,10500.0,,,-11.070872749189334,-4.289568869321252,0.0,-0.26592265208317833,4,56
0.0,0.0,0.0,2.0,1.0,0.0,12.395305802483342,1.4498529947445429,2.9955158481493083,0.9785234725419792,0.6705535738582782,0.9962763208373887,12755.027443542005,6249.709512670329,10013.874823718133,,,-11.56554565245343,-11.56554565245343,-11.56554565245343,-0.2333333333333334,4,56
0.0,0.0,0.0,2.0,1.0,0.0,12.361210630743754,1.440875323289803,2.3031924824174634,0.9883618610135503,0.6741479153755447,0.49244492695532166,7559.446429859815,6244.761777815606,8808.98245408535,,,-11.547146199813039,-11.54714619981304,-11.54714619981304,-0.2333333333333334,4,56
0.0,0.0,0.0,2.0,1.0,0.0,12.350146995733116,1.3776134394208506,2.39675560405716,0.9887535459199778,0.6693861317103348,0.9942946213289814,12471.040496009544,6260.60307332387,9086.278575113563,6.855582605345835,-0.8084065054191742,-11.494627602851969,-11.49462760285197,-11.49462760285197,-0.2333333333333334,4,56
0.0,0.0,0.0,2.0,1.0,0.0,12.395190522539083,1.4493255322851384,2.7208574481807792,0.977909711004984,0.6699206311900886,0.9962722206528848,10881.861625688658,6246.000162027397,10024.054251728647,,,-11.5658339108136,-11.565833910813602,-11.565833910813602,-0.2333333333333334,4,56
0.0,0.0,0.0,2.0,1.0,0.0,12.386514178668053,1.4500020386761259,2.279687729095224,0.9887980517715895,0.6583782208680883,0.9957161313750212,13558.209793327416,4089.7721342619757,9605.088654681624,,,-11.553908453503034,-11.553908453503034,-11.553908453503034,-0.2333333333333334,4,56
0.0,0.0,0.0,2.0,1.0,0.0,12.398563650184448,1.450133885800786,2.5951207100654976,0.9881134364259863,0.6677387125097883,0.997246175407321,7874.692825531212,6256.442682531553,9366.489553030086,,,-11.554793632011915,-11.554793632011915,-11.554793632011915,-0.2333333333333334,4,56
0.0,1.0,0.0,1.0,0.0,0.0,12.265915389681176,1.3543031393228833,3.0,0.7861864323991511,0.8617936372127881,0.5,11422.674901644154,8225.642527090775,10500.0,7.098787844786524,-0.4539558943793027,-12.885839472571394,1.5570498417954148,0.0,-0.11056509022976946,4,56
0.0,1.0,0.0,2.0,0.0,0.0,12.37347428327021,1.3760126262379875,3.0,0.7769408655826497,0.7987522039472946,0.49950405567280365,9898.834462107412,6831.475956718358,8060.171133567527,7.076722973021828,-0.6448671071543605,-11.758602932605397,-11.758602932605399,-11.758602932605399,-0.2333333333333334,4,56
0.0,1.0,0.0,2.0,0.0,0.0,12.371304169711259,1.3745645688357997,3.0,0.7756911535513978,0.7921096745731829,0.4872144102573092,9895.325524938187,6793.788201484575,9385.50831276056,7.11762134146574,-0.6412852605200342,-11.759163721127683,-11.759163721127685,-11.759163721127685,-0.2333333333333334,4,56
0.0,1.0,0.0,1.0,0.0,0.0,12.214957478452746,1.3535547155844883,3.0,0.7858662939181792,0.8781543385461175,0.5,11456.69341487196,7642.089428646387,10500.0,7.104160457858416,-0.44796048224918206,-12.981908154142399,2.347914780519755,0.0,-0.09747652916310601,4,56
0.0,1.0,0.0,2.0,0.0,0.0,12.385261634435341,1.3760817994975034,3.0,0.7752922358284446,0.7916826293805549,0.4995720466427425,9880.734223283118,6820.007605649142,9353.3781676749,7.1168609939514464,-0.6412457149098008,-11.760897634585808,-11.760897634585808,-11.760897634585808,-0.2333333333333334,4,56
0.0,1.0,0.0,2.0,0.0,0.0,12.217927073591122,1.3746174311190678,3.0,0.7705725980434459,0.7929564019286298,0.48875150304125264,11028.99794511298,6807.519329086251,9384.1855567303,7.151905053542688,-0.6317004954523612,-11.766181027729123,-11.766181027729123,-11.766181027729123,-0.2333333333333334,4,56
0.0,1.0,0.0,2.0,0.0,0.0,12.394582715230626,1.3746600547721934,3.0,0.746084881772101,0.7901681802260687,0.49998787248843124,11092.927717656732,6792.634539847692,10510.591647604098,7.16461338268844,-0.5868205184650395,-11.800010919839234,-11.800010919839234,-11.800010919839234,-0.2333333333333334,4,56
0.0,1.0,0.0,2.0,0.0,0.0,12.38845762789192,1.3743562359731203,3.0,0.7731816717925427,0.7178195217888125,0.499514932410671,11048.167780900563,6967.968854515272,10505.80546837637,7.135412849643674,-0.633602420551076,-11.762416452167914,-11.762416452167914,-11.762416452167914,-0.2333333333333334,4,56
0.0,1.0,0.0,2.0,0.0,0.0,12.212517176290573,1.3763503721328194,3.0,0.772576225172368,0.794619434257625,0.48758657840493935,9909.35799740753,6793.978746819907,9385.993166936003,7.151028863796803,-0.6374493506096521,-11.764805760896325,-11.764805760896325,-11.764805760896325,-0.2333333333333334,4,56
0.0,1.0,0.0,1.0,0.0,0.0,12.214797976941382,1.3534269529980771,3.0,0.7861594663876825,0.8623953480549027,0.5,11447.720889177752,7783.386647896273,10500.0,7.104160457858416,-0.4478767739448437,-12.889182633053416,1.5934530475914954,0.0,-0.11008372155607782,4,56
0.0,0.0,0.0,1.0,0.0,0.0,12.171294479380798,1.367306600409412,1.081758250426134,0.4491139241023957,0.878191674188591,0.5,19979.064569156133,4804.760661656697,10500.0,8.397159714346586,-0.38225596602864653,-13.190620450727689,-3.86294634898457,0.0,-0.09744666064912721,4,56
0.0,1.0,0.0,1.0,0.0,0.0,12.283904133576417,1.3328368113436473,3.0,0.7949209413225581,0.8219289293083194,0.5,13357.853523786656,6875.2440904848045,10500.0,7.088188826865152,-0.3051335704520053,-12.616574166631668,0.0850179818066028,0.0,-0.1424568565533445,4,56
0.0,1.0,1.0,2.0,0.0,0.0,12.274225919818527,1.3354016876970372,3.0,0.8380264368289742,0.7862443892205552,0.49151970323781075,15313.680796767201,6834.760971289198,5590.200133089126,,0.0,-11.644341592094815,-11.644341592094817,-11.644341592094817,-0.2333333333333334,4,56
0.0,0.0,0.0,2.0,0.0,0.0,12.167601723262456,1.334733876384303,3.093087074057074,0.3495658463875197,0.1766243928408129,0.10581407948645531,16288.966553205835,5224.444773751376,10502.276177322934,8.773380044661417,-0.3117761677311396,-10.044477351390505,-13.040350763096294,-13.326654521685331,-0.47404922213818546,4,56
0.0,0.0,0.0,2.0,0.0,0.0,12.174254067194612,1.3609993135452836,1.022957333893619,0.17354620601390774,0.12102747643507987,0.0860255543202425,16487.348645889793,6258.8926310075885,10542.647321760616,10.181539518318926,-0.3482266523894235,-11.166043053363573,-13.482641875848252,-13.570036373324243,-0.5343575753957421,4,56
0.0,0.0,0.0,2.0,0.0,0.0,12.182788734080326,1.362343087006405,1.0278680131531757,0.26133759940031376,0.125865607585866,0.08787472173004797,16232.668262888572,6389.370335499622,10633.03662898809,9.146114454527275,-0.34856057548914654,-10.200233690857948,-13.3505032409903,-13.470899834647497,-0.5290077365472687,4,56
0.0,0.0,0.0,2.0,0.0,0.0,12.32519381842679,1.3522652533340227,3.0000042586428037,0.8340335119367205,0.7730286030658461,0.48885479740322063,13267.7744796533,5883.840549401316,10496.55237208558,7.010137322872993,-0.5417002068447122,-11.663548696805785,-11.663548696805787,-11.663548696805787,-0.2333333333333334,4,56
0.0,0.0,0.0,2.0,0.0,0.0,12.245869245480732,1.3613311422985883,1.0305899063856694,0.3542851968345133,0.16732497489245748,0.4930412395196381,16283.058184324842,6342.251323927146,10589.672447062792,8.626307658757469,-0.3451162372570147,-12.871019021120212,-13.08371740796959,-11.044662880537912,-0.1717070284703235,4,56
0.0,1.0,1.0,2.0,0.0,0.0,12.276117530034881,1.3359478734448302,3.0,0.7116319775958686,0.7874563028471684,0.4919671166430731,11438.250042931024,6843.721165786798,5575.114750395541,,0.0,-11.818656574558082,-11.818656574558084,-11.818656574558084,-0.2333333333333334,4,56
0.0,0.0,0.0,2.0,0.0,0.0,12.186299472072957,1.363289991044474,1.0092020686125773,0.8348848437658009,0.7892541476696168,0.49482037133840073,14701.891507195962,5862.169675972553,10521.652112445732,7.016640141698324,-0.5576894099253267,-11.671459872605896,-11.671459872605896,-11.671459872605896,-0.2333333333333334,4,56
0.0,0.0,0.0,2.0,1.0,0.0,12.254508247633572,1.4492730128328541,1.1547731814087392,0.5992532019209705,0.880149866314279,0.49974885968972366,9608.433590238445,6286.506671398222,10143.827963728074,,,-12.07157208698462,-12.071572086984622,-12.071572086984622,-0.2333333333333334,4,56
0.0,0.0,0.0,2.0,1.0,0.0,12.316813618798207,1.3780679275171377,1.4053832556498893,0.5842124119398538,0.9119978908316818,0.49982971103056884,9850.310890024099,6276.272897217979,6903.490655700197,7.572268365024285,-0.4504512367131308,-12.046340225446206,-12.046340225446206,-12.046340225446206,-0.2333333333333334,4,56
0.0,0.0,0.0,2.0,1.0,0.0,12.317132170025948,1.3780674238044774,1.1552222485719128,0.5841428221720458,0.8686567930763589,0.49976407838638626,9574.687834220236,6302.404878615655,6892.228174333026,7.569471265300912,-0.4499445700818485,-12.046453514312262,-12.046453514312262,-12.046453514312262,-0.2333333333333334,4,56
0.0,0.0,0.0,2.0,1.0,0.0,12.321007303113598,1.3781018630356143,1.6484254116483366,0.5844963548330185,0.9152839633072045,0.4997945985928902,9488.569977715042,6274.413843017073,10146.226344173598,7.570198749891683,-0.45088211304842785,-12.045900850539763,-12.045900850539763,-12.045900850539763,-0.2333333333333334,4,56
0.0,0.0,0.0,2.0,0.0,0.0,12.304854998830944,1.37808163484625,1.6571140218535212,0.8275004237543517,0.8263353567065909,0.4998077309522212,9870.680586341288,6274.810052833112,9409.692925332918,7.086071965081569,-0.7030934609515991,-11.693003698520211,-11.693003698520211,-11.693003698520211,-0.2333333333333334,4,56
0.0,0.0,0.0,2.0,1.0,0.0,12.254508247633572,1.4492873488072793,1.4202390032015217,0.73182581636249,0.8801437700748488,0.49975714641923,9609.984544512154,6286.479467656548,10143.705701136181,,,-11.875570041389745,-11.875570041389745,-11.875570041389745,-0.2333333333333334,4,56
0.0,0.0,0.0,2.0,1.0,0.0,12.320605815873147,1.449310188566013,1.1672869131374535,0.5841868577988082,0.9119978908316818,0.49975851268411436,9529.273417886561,6275.203213731552,10116.78096362531,,,-12.095593328854694,-12.095593328854694,-12.095593328854694,-0.2333333333333334,4,56
0.0,0.0,0.0,2.0,1.0,0.0,12.261465242356003,1.449050773269505,1.1587082891313694,0.5917523067493045,0.9119978908316818,0.49978382693938583,9667.761941126146,6275.566599766119,6892.747173998209,,,-12.083320431439414,-12.083320431439416,-12.083320431439416,-0.2333333333333334,4,56
0.0,0.0,0.0,2.0,0.0,0.0,12.310720295103032,1.3775313572912298,1.4142806538948824,0.7627318637948,0.8277521221603827,0.4998504130865073,9847.627156574461,6454.164104780269,9550.232875735554,7.155520934839669,-0.6082681199026682,-11.779199626137762,-11.779199626137764,-11.779199626137764,-0.2333333333333334,4,56
0.0,0.0,0.0,2.0,0.0,0.0,12.304763551925026,1.3774833238014326,1.4116888718027432,0.753314263269998,0.781617624739229,0.49977643122056664,9062.716269989154,6280.767656919732,10500.195096355083,7.162057527262331,-0.5933710398072259,-11.792153806279595,-11.792153806279597,-11.792153806279597,-0.2333333333333334,4,56
0.0,1.0,0.0,2.0,2.0,2.0,12.084218194161776,1.6138741571081554,3.0,0.8218022748054645,0.8487011077825913,0.9688819048524314,9210.326131268424,3031.9341240890008,3581.7897616728274,,,-11.869666142579801,-11.869666142579801,-11.869666142579801,-0.2333333333333334,4,56
0.0,1.0,0.0,2.0,2.0,0.0,12.339358791406289,1.3674258576248324,3.0,0.7969111734567645,0.84051026555186,0.9913616243761381,10145.917907582392,5521.554794574113,3885.996727608481,7.050046385454543,-0.595942483415174,-11.724879763048344,-11.724879763048344,-11.724879763048344,-0.2333333333333334,4,56
0.0,1.0,0.0,2.0,2.0,0.0,12.302135659878594,1.3773313243856884,3.0,0.8105584657702928,0.8426022175636979,0.9894975693916005,5884.404146593456,5429.863654290353,7685.127555916421,7.066983840151396,-0.6750953348225173,-11.714626955175254,-11.714626955175255,-11.714626955175255,-0.2333333333333334,4,56
0.0,1.0,0.0,2.0,2.0,2.0,12.318630892003805,1.7914087531389895,3.0,0.821411993890608,0.847424234577994,0.968562257867923,9245.503638502827,3084.030857620239,3599.463886940394,,,-11.97716056683476,-11.97716056683476,-11.97716056683476,-0.2333333333333334,4,56
0.0,1.0,0.0,2.0,2.0,0.0,12.30206293801673,1.3757971190829772,3.0,0.7957864591581717,0.8427995958685544,0.973820655957108,12390.015939519937,5462.786833593756,8294.565095661743,7.078549147714673,-0.6541213365136148,-11.733039070735671,-11.733039070735671,-11.733039070735671,-0.2333333333333334,4,56
0.0,1.0,0.0,2.0,2.0,0.0,12.295693256202554,1.3754146646726828,3.0,0.8317528172845619,0.8469878160651274,0.9702198562388362,12320.673484582325,5578.445223073169,10075.415910437154,7.033804437672193,-0.7077410087928928,-11.685333619633747,-11.685333619633749,-11.685333619633749,-0.2333333333333334,4,56
0.0,1.0,0.0,2.0,2.0,2.0,12.31105439223009,1.791704478899554,3.0,0.8150294051781739,0.8519440268373817,0.9757725376303804,3519.240464515876,3029.044594291874,3544.1929274736663,,,-11.985001300175188,-11.985001300175188,-11.985001300175188,-0.2333333333333334,4,56
0.0,1.0,0.0,2.0,2.0,0.0,12.322445725657364,1.3767617776789058,3.0,0.830212893330381,0.8572987527223597,0.9913018009699627,3780.22881505748,5313.7582570736095,2588.321173159953,7.06942717664593,-0.7283294797604184,-11.688416313938342,-11.688416313938344,-11.688416313938344,-0.2333333333333334,4,56
0.0,1.0,0.0,1.0,0.0,0.0,12.38890726702041,1.3763906388370017,3.0,0.7798012975762247,0.8078706685790621,0.5,12308.568263522975,7407.353008408833,10500.0,7.061642742427051,-0.6379391931298961,-12.55043612325443,-1.0508663006693872,0.0,-0.15370346513675037,4,56
0.0,1.0,0.0,1.0,0.0,0.0,12.38965634425605,1.3766464622324563,3.0,0.7834245498283665,0.8370521750773401,0.5,12686.025482160325,5119.934734252504,10500.0,7.0554888243024525,-0.6428058479831674,-12.742020114097881,0.19852583765201004,0.0,-0.13035825993812789,4,56
0.0,1.0,0.0,1.0,0.0,0.0,12.239608484706288,1.378304194332013,3.0,0.5897754356203463,0.8180761409731586,0.5,16688.514978013067,11258.05513980791,10500.0,7.595137349809301,-0.45936542628095034,-12.774452790804204,-3.3168722031371907,0.0,-0.14553908722147313,4,56
0.0,1.0,0.0,1.0,0.0,0.0,12.384109486425547,1.378364380008993,3.0,0.5920021678504293,0.8180839483231843,0.5,16594.47630046545,13948.753211522098,10500.0,7.596397920559108,-0.4639054013244618,-12.772524947704394,-3.2847758993971983,0.0,-0.1455328413414525,4,56
0.0,1.0,1.0,2.0,1.0,0.0,12.360262127939931,1.3704458643615294,3.0,0.5510337356983216,0.30638927099647495,0.4999999930787044,19664.738974458807,6648.004153227393,10499.133481578974,,0.0,-13.358934859906226,-11.984720278237555,-10.051729736230598,-0.05488858873985658,4,56
0.0,1.0,0.0,1.0,0.0,0.0,12.372083368022125,1.3782032474772556,3.0,0.5884399468164213,0.8537396903335382,0.5,16658.25596613581,13960.808785061346,10500.0,7.60416549629668,-0.4639054013244618,-12.972944660590468,-2.2000621230719446,0.0,-0.11700824773316942,4,56
0.0,1.0,0.0,1.0,0.0,0.0,12.32968197275331,1.3782504227951304,3.0,0.5879437243097623,0.8508685019175937,0.5,16668.320217951477,10616.956988331254,10500.0,7.595925258426685,-0.4594660465595102,-12.958109144867057,-2.303881586783021,0.0,-0.11930519846592502,4,56
0.0,1.0,0.0,1.0,0.0,0.0,12.386486048729056,1.3783279195113793,3.0,0.58449351191727,0.8164051234457085,0.5,16689.320877311617,11288.445137239822,10500.0,7.603225093534166,-0.4595540737273297,-12.769553829736246,-3.4439296797753816,0.0,-0.1468759012434332,4,56
0.0,1.0,0.0,1.0,0.0,0.0,12.219565859712956,1.3782756548209785,3.0,0.5879906714814872,0.8139625443003955,0.5,16687.89698111284,10616.511187276077,10500.0,7.598661883029988,-0.4592773991131307,-12.752093859951918,-3.466769453883142,0.0,-0.14882996455968356,4,56
0.0,1.0,0.0,1.0,0.0,0.0,12.21891803444255,1.378250791778703,3.0,0.5877671437603328,0.8142697753480429,0.5,16671.466597749924,10618.126356904835,10500.0,7.608964068606583,-0.4592773991131307,-12.75408734166999,-3.4605775654711586,0.0,-0.14858417972156568,4,56
0.0,1.0,0.0,1.0,0.0,0.0,12.240308325630107,1.3776776567514928,3.0,0.5891856829937964,0.8180409407728138,0.5,16680.055210165396,10887.657422645252,10500.0,7.598594532532673,-0.45941186503340603,-12.774530089088678,-3.3224826256564537,0.0,-0.14556724738174898,4,56
0.0,1.0,0.0,1.0,0.0,0.0,12.390271489530786,1.3783348664791188,3.0,0.5883283964068463,0.8146548605243286,0.5,16691.304244314095,14561.411076350249,10500.0,7.599809892677107,-0.4610729769163542,-12.755856874209584,-3.4414957174940763,0.0,-0.1482761115805371,4,56
0.0,0.0,0.0,2.0,0.0,0.0,12.285613314052641,1.3549973425886481,1.1854309702007904,0.34761243275702464,0.0007534002445167085,0.07815252176149347,4225.2662226503135,5613.361296899303,1029.813146862772,8.63007034393446,-0.2989400719218779,-7.313584398190818,-13.678934223053476,-13.431980640924301,-0.6368752623951919,4,56
0.0,0.0,0.0,2.0,0.0,0.0,12.286196326956057,1.3523451076317428,1.1362666868469573,0.2290197837543731,0.0005666325751585801,0.08062882978810437,4220.775716049964,5335.945075369143,1026.6796698632108,9.316448784781237,-0.30764540029419174,-9.255393383066778,-13.73011957320144,-13.521154639775352,-0.6350436301093896,4,56
0.0,0.0,0.0,2.0,0.0,0.0,12.286746105279335,1.35810510734653,1.1285688441949813,0.3140712608789465,0.11906278418256679,0.08041647509486641,4231.428268834743,5672.134571208636,1647.6175263414716,8.86574613353066,-0.32425699901256033,-9.473725943154044,-13.315958401763666,-13.449360636149867,-0.5404165925780534,4,56
0.0,0.0,0.0,2.0,0.0,0.0,12.344613955076058,1.2665019871957788,1.1174879479841648,0.2810087686346632,0.00528110112496761,0.0032132049783627744,4122.099800204665,4798.083120974137,1633.407844247828,9.505698887545268,-0.0674574786733827,-6.917163761942502,-13.684013705792399,-13.68973680998116,-0.6932045551173357,4,56
0.0,0.0,0.0,2.0,0.0,0.0,12.355086154185653,1.352771777577307,1.0503838065705016,0.3331699422190463,0.000590735463687592,0.0029295016882812824,4251.198203153779,5337.493791259174,1632.2225852737888,8.777852832918104,-0.2917818240489025,-6.192421920413036,-13.684519458507872,-13.677785141171153,-0.6971838102784249,4,56
0.0,0.0,0.0,2.0,0.0,0.0,12.355296700957103,1.1347004524033846,1.0499462472637517,0.28989427391290223,0.0013530292909041943,0.00017044531920005468,4389.098381406317,4720.115191022116,1616.0746871499548,10.67188482583364,-0.059936735623794646,-5.833530839738305,-13.676382043970419,-13.679850762614507,-0.6987812203119166,4,56
0.0,0.0,0.0,2.0,0.0,0.0,12.350216574334706,1.3211511205063984,1.0499216727820526,0.3437604143956852,0.0003469012183613643,0.000712190520698795,4224.650958102002,5569.769457498825,1014.051665570637,8.817390031560786,-0.13714859431279314,-5.759582565763136,-13.678172497760508,-13.677097264587657,-0.6991527266087518,4,56
0.0,0.0,0.0,2.0,0.0,0.0,12.355007927965824,1.2665378850638203,1.024935828341389,0.34628470215621765,0.00412523057531657,0.007938704967232825,4224.327467547082,4547.027834248728,1043.5349519993285,9.122823916031638,-0.0682754712923932,-5.625980029625609,-13.660222541683016,-13.648598673359446,-0.6903488515659605,4,56
0.0,0.0,0.0,2.0,0.0,0.0,12.358210651219148,1.131086308120934,1.055427361615058,0.2818834103885092,0.005387492872946502,0.0006752892864732102,4263.527827690154,5149.9602380230435,1091.3623377374581,10.796157329008178,-0.059936735623794646,-6.090655602764869,-13.667695639905888,-13.681438833819463,-0.6951497742724643,4,56
0.0,0.0,0.0,2.0,0.0,0.0,12.285596818422897,1.3549986950620974,1.06353649346129,0.3475967683842922,0.11127210162065976,0.07815853507830439,4225.499454780218,5673.99948272213,1029.8154407861566,8.642586009866978,-0.3131477889017267,-8.982293576696865,-13.312687171610325,-13.431970916636196,-0.5484554906408287,4,56
0.0,0.0,0.0,2.0,2.0,1.0,12.38351719223137,1.3754911528275042,1.5973067868115371,0.7705713801697864,0.8977126546453059,0.49976110576758526,1151.6762889406796,5815.745968370129,10516.580658897741,,,-11.766867550649224,-11.766867550649224,-11.766867550649224,-0.2333333333333334,4,56
0.0,0.0,0.0,1.0,0.0,1.0,12.416760621545006,1.7545851807016588,1.5674479508677273,0.23215215417803087,0.012253901471623013,0.5,1032.8843031905149,5817.57751847086,10500.0,,,-8.336322307638508,-13.736420256999807,0.0,-0.7901968788227016,4,56
0.0,0.0,0.0,1.0,0.0,1.0,12.38082980323947,1.378284974486869,1.532741929406555,0.26062421538702985,0.0041975776385662555,0.5,2394.271871062522,6244.06168171173,10500.0,9.139962856093293,-0.43312960745743945,-5.762673800584359,-13.70788600449426,0.0,-0.7966419378891471,4,56
0.0,0.0,0.0,2.0,0.0,1.0,12.39256339614531,1.3783885563714302,1.6576070860214926,0.5759629765343502,0.9061471359931175,0.4848836977551306,1000.1754128836671,5876.578668171233,10689.614014579962,,,-12.060101962769755,-12.060101962769757,-12.060101962769757,-0.2333333333333334,4,56
0.0,0.0,0.0,2.0,2.0,1.0,12.37621217394021,1.3766023674257384,1.5878353615792544,0.7757809716141707,0.9993827576300998,0.46479848422978104,1150.9345161944802,6632.600669278506,10504.647980047992,,,-11.760641577714848,-11.760641577714848,-11.760641577714848,-0.2333333333333334,4,56
0.0,0.0,0.0,2.0,0.0,0.0,12.394149550854562,1.3680700971767306,1.6227409522599876,0.5735099442176799,0.9310800316551819,0.49973016514094154,3489.6749845416634,5353.334683188006,10500.490087695689,7.572540993134859,-0.38549927456451116,-12.056787551142095,-12.056787551142097,-12.056787551142097,-0.2333333333333334,4,56
0.0,1.0,0.0,2.0,2.0,1.0,12.380884075232174,1.7175267309920066,3.0,0.5651331809289729,0.9969612439398109,0.41683385599782513,1118.5227549499862,6718.181424891908,1559.656426140187,,,-12.284639469182592,-12.284639469182592,-12.284639469182592,-0.2333333333333334,4,56
0.0,0.0,0.0,1.0,0.0,0.0,12.313936368356478,1.3695285326585358,1.3362842402814619,0.25048696333881604,0.004176150508287706,0.5,3647.106577099757,4990.077737378713,10500.0,9.164028834787388,-0.3922985253155322,-6.01227264660486,-13.712019842570735,0.0,-0.7966590795933699,4,56
0.0,0.0,0.0,1.0,0.0,1.0,12.429293305485796,1.674776921252571,1.6182504908463096,0.23111607237067205,0.013969454023182282,0.5,2667.1497140569145,6276.0494126500835,10500.0,,,-8.100524800237668,-13.72673020625334,0.0,-0.7888244367814542,4,56
0.0,1.0,0.0,2.0,2.0,1.0,12.407213079273768,1.6102554283137755,3.0,0.5723989463733181,0.9354965751319327,0.41492749987754474,1430.123141953923,6841.865828143362,1988.066274142706,,,-12.214172058814647,-12.214172058814647,-12.214172058814647,-0.2333333333333334,4,56
0.0,1.0,0.0,2.0,0.0,0.0,12.444610784579305,1.3687555004284202,3.0,0.9948262333912138,0.999370144713134,0.16665327984289663,15085.94968759974,13367.30186250516,10502.395410349724,,,-11.480037775855324,-11.480037775855324,-11.480037775855324,-0.2333333333333334,4,56
0.0,1.0,0.0,2.0,0.0,0.0,12.389903623074883,1.3744082784796459,3.0,0.8401154848833696,0.8658705363087817,0.20191191754423418,16169.438759584395,15626.886770781244,10502.14842855327,6.948374937645326,-0.6937345535032428,-11.673692662964609,-11.673692662964609,-11.673692662964609,-0.2333333333333334,4,56
0.0,1.0,0.0,2.0,0.0,0.0,12.391536129966719,1.3679787126891023,3.0,0.9897959134636963,0.9217266724885388,0.49962152117816067,14852.47534407211,13365.985508560872,10501.241267033585,6.862341983184593,-0.8022317495453806,-11.485205962651838,-11.485205962651838,-11.485205962651838,-0.2333333333333334,4,56
0.0,1.0,0.0,2.0,0.0,0.0,12.445796582298671,1.3687110844292683,3.0,0.994547725698119,0.9993695772759387,0.17620329574116064,15089.311581256381,12442.46197261056,10501.071643290832,,,-11.480322159378742,-11.480322159378742,-11.480322159378742,-0.2333333333333334,4,56
0.0,1.0,0.0,2.0,0.0,0.0,12.390106198003158,1.3679763618989769,3.0,0.989409915742859,0.9551355403772861,0.20965551927649675,14540.07507516778,13354.553865425281,10502.018178918506,,,-11.485652441994006,-11.485652441994006,-11.485652441994006,-0.2333333333333334,4,56
0.0,1.0,0.0,2.0,0.0,0.0,12.38719270297717,1.3524826763332278,3.0,0.7371146045340782,0.8666982124329093,0.48582411728107355,15575.469737015052,15106.184960100085,10501.875573993055,7.165506768962976,-0.40863480796007645,-11.795243988638836,-11.795243988638836,-11.795243988638836,-0.2333333333333334,4,56
0.0,1.0,0.0,2.0,0.0,0.0,12.391399242049335,1.3734647154215447,3.0,0.842098517829602,0.8675302855146789,0.48308626468933563,16132.90533326536,15317.139180744955,10501.912533735845,6.9514863870717445,-0.7131979696814806,-11.670372244761143,-11.670372244761143,-11.670372244761143,-0.2333333333333334,4,56
0.0,1.0,0.0,2.0,0.0,0.0,12.384843502584845,1.3684231165302931,3.0,0.9643294548952197,0.9079024577465167,0.49986400098950884,15008.863448535089,14747.675583705875,10502.364853506822,6.861641661803295,-0.8004482879520772,-11.51542166173955,-11.515421661739552,-11.515421661739552,-0.2333333333333334,4,56
0.0,1.0,0.0,2.0,0.0,0.0,12.389893039726804,1.374232984054,3.0,0.8416615513577033,0.9235926021855901,0.48890702172604683,16103.375368591931,15144.97958337646,10505.642083079954,6.952534002876777,-0.7230932224532438,-11.671556251192051,-11.671556251192053,-11.671556251192053,-0.2333333333333334,4,56
0.0,1.0,0.0,2.0,0.0,0.0,12.390031575252275,1.3740933215853655,3.0,0.989841321894359,0.9231281309233202,0.49342510739962553,14997.614845370555,13219.030976511554,10502.592811609697,6.863193056969508,-0.814196153390831,-11.49037456116708,-11.49037456116708,-11.49037456116708,-0.2333333333333334,4,56
0.0,0.0,0.0,2.0,0.0,0.0,12.326357103571198,1.378026527370104,3.213595875066432,0.9649804208072995,0.9116229157426707,0.02817104444606496,6205.016079179334,14459.815941481113,1054.215340546291,6.841731558892459,-0.8126811300561191,-13.802693647177195,7.209181470501893,-13.41888599509352,0.05183516815098865,4,56
0.0,0.0,0.0,2.0,0.0,0.0,12.325832794929752,1.3777480468877983,3.198640527561696,0.9679087814068608,0.915813088930891,0.009996743630126795,10130.594678514755,15040.555512439376,1002.4148881736493,6.834046717951622,-0.8027565557118643,-13.751317708250802,7.548800518914938,-13.502025629935487,0.04064786604881421,4,56
0.0,0.0,0.0,2.0,0.0,0.0,12.324430889140224,1.3772149310317052,3.2623673876682657,0.840079156954791,0.8670818824090266,0.4920880704090592,9864.068218309525,13103.551692432553,1023.7388770053403,7.060219066888192,-0.7495668624122896,-11.676000652436594,-11.676000652436594,-11.676000652436594,-0.2333333333333334,4,56
0.0,0.0,0.0,2.0,0.0,0.0,12.35194222067739,1.377854982067368,3.263040633562527,0.9661874900878648,0.9153321847306777,0.01090497005916681,6403.025418196563,13091.51893998996,1025.425356744956,6.831615794010892,-0.8066388851440247,-13.753048202210346,7.4822108489150345,-13.498245240969199,0.0409897238318756,4,56
0.0,0.0,0.0,2.0,0.0,0.0,12.325289088922373,1.3773173920011008,3.1989019749892793,0.9678734698184572,0.9061062961356001,0.025938419001164083,10073.2648408952,15035.746666863792,1023.1120821205079,6.845756065113352,-0.8117707897388542,-13.774388736238583,6.908022018174776,-13.428754322911765,0.04563577210941139,4,56
0.0,0.0,0.0,2.0,0.0,0.0,12.324193215287783,1.377673751886174,3.2195435259660865,0.8378356960166021,0.797711968019218,0.004644474692251504,10720.64788009923,13023.123397277162,1016.6942644201903,7.029016585675516,-0.6896402247881805,-13.232967605812023,-0.7348188986057487,-13.547285516414457,-0.05811484583082449,4,56
0.0,0.0,0.0,2.0,0.0,0.0,12.323483562247052,1.3781821587923773,3.258633629412547,0.8386252557503624,0.9111551699617273,0.0022386754427702674,10002.065332406331,14984.569064039937,1001.5509238331189,7.028870628242133,-0.6908176270748565,-13.716613101638085,4.7874241390528525,-13.557236569354345,0.030715076323598045,4,56
0.0,1.0,1.0,2.0,0.0,2.0,6.538286635619961,1.3776659187696996,3.0,0.9845694741563722,0.8386692893427027,0.4979196546237832,13137.257670099247,12976.262438384383,10504.43861240501,,0.0,-11.499531642278809,-11.49953164227881,-11.49953164227881,-0.2333333333333334,4,56
0.0,1.0,1.0,2.0,0.0,2.0,6.415879447043478,1.3777390414157429,3.0,0.9813690289704694,0.8232292422894517,0.49798480072477785,13139.053873963125,12983.077568318984,10507.152441600725,,0.0,-11.50331974387283,-11.503319743872831,-11.503319743872831,-0.2333333333333334,4,56
0.0,1.0,1.0,2.0,0.0,2.0,5.266439923519335,1.3779558814469794,3.0,0.9813876599414989,0.9117430123875191,0.4930043325808687,13127.934116228844,12987.999804295034,10502.622421758737,,0.0,-11.50348145689864,-11.50348145689864,-11.50348145689864,-0.2333333333333334,4,56
0.0,1.0,0.0,2.0,0.0,0.0,12.386952147698432,1.3749869782810622,3.0,0.8784880816573248,0.8980969848173668,0.4855995972345113,11819.336741597901,9676.038113458311,10501.830430269727,6.915482129535971,-0.7423216813292111,-11.625344192351708,-11.62534419235171,-11.62534419235171,-0.2333333333333334,4,56
0.0,1.0,0.0,2.0,0.0,0.0,12.389802407111146,1.3718791072734582,3.0,0.9636513030665077,0.915687186626977,0.4928800122520888,12512.838952016908,9990.802926399603,10186.370334071556,6.856977944571626,-0.809151542446063,-11.519151018883104,-11.519151018883104,-11.519151018883104,-0.2333333333333334,4,56
0.0,0.0,0.0,1.0,0.0,1.0,12.01241336105547,1.375109108180268,1.469510422757853,0.6535962400672144,0.903659387693292,0.5,16502.657827313462,9752.571376069793,10500.0,7.485244595918408,-0.4460476015408241,-13.186965864709057,0.8824374538016286,0.0,-0.07707248984536641,4,56
0.0,0.0,0.0,1.0,0.0,1.0,12.003226797764514,1.3581214787033287,1.516016281614089,0.6282616482557902,0.915704623573091,0.5,16313.285574188712,10466.823207007314,10500.0,7.509985498564402,-0.3029969175503622,-13.25235072982533,1.0540509052535434,0.0,-0.06743630114152721,4,56
0.0,0.0,0.0,2.0,0.0,0.0,12.340256104706086,1.3780046831185782,3.1050887841801877,0.9598571573941023,0.8362055593477216,0.48981069282513134,16139.19776314599,10765.845923098801,10395.380156083911,6.858515463838053,-0.8083821479026979,-11.52879703588129,-11.528797035881292,-11.528797035881292,-0.2333333333333334,4,56
0.0,1.0,0.0,2.0,0.0,0.0,12.385274617696263,1.3749025464059024,3.0,0.6519752848720368,0.9135803167084124,0.4940364380471244,14271.363349731779,10103.585401020848,10407.43579560887,7.470770385062244,-0.5018467529623325,-11.93723750919717,-11.93723750919717,-11.93723750919717,-0.2333333333333334,4,56
0.0,0.0,0.0,2.0,0.0,0.0,12.339793085428648,1.377971791959168,3.109106584515414,0.9598571573941022,0.8355997095688315,0.4934345900686858,15953.933523952492,10523.768897955519,10415.816380505155,6.858515463838053,-0.8079785337710532,-11.528769417758696,-11.528769417758696,-11.528769417758696,-0.2333333333333334,4,56
0.0,1.0,0.0,2.0,0.0,0.0,12.38339961029686,1.3745823022945336,3.0,0.6535480953948162,0.9135731401881863,0.4998902110003977,15869.127314448922,10476.441839223822,10499.697169764417,7.4704260366755815,-0.5024679599626498,-11.934607098306524,-11.934607098306524,-11.934607098306524,-0.2333333333333334,4,56
0.0,0.0,0.0,1.0,1.0,1.0,12.300591075871342,1.3746577803354518,1.5829387026011923,0.6917909290985697,0.9044622776679053,0.5,16608.130698963912,10585.084720792256,10500.0,7.223020278084066,-0.5257606740078807,-13.173044843694075,1.6623598613319608,0.0,-0.07643017786567574,4,56
0.0,0.0,0.0,1.0,1.0,1.0,12.000221076208861,1.373810249994127,1.4696635279549923,0.6873855942238665,0.9037502460968151,0.5,16519.859196924146,10505.247995016682,10500.0,7.227795846553282,-0.4879404950387791,-13.171301164369295,1.55345954535872,0.0,-0.07699980312254795,4,56
0.0,0.0,0.0,1.0,0.0,0.0,12.37926419339007,1.3619823064860417,3.2470412088476164,0.6843019345319589,0.8646972132049499,0.5,4366.191332389984,5276.432811639202,10500.0,7.230097785689441,-0.40234156340902816,-12.96389883983197,-0.06909957777349618,0.0,-0.10824222943604012,4,56
0.0,0.0,0.0,2.0,0.0,1.0,8.504409359781015,1.102561119711369,4.7471366794559815,0.9855466281777121,0.9120694102425864,0.4998999229128792,2426.634894130725,5023.717143557485,1569.5951667909176,10.199762381934285,-0.010912367336475937,-11.228499514513786,-11.228499514513787,-11.228499514513787,-0.2333333333333334,4,56
0.0,0.0,0.0,2.0,0.0,0.0,8.517145347247059,1.1239764708879036,4.7410676243132475,0.968367447177081,0.8766043603198193,0.4993874370175972,5778.677877937586,5446.62818594591,1792.6793836715096,10.181875981098324,-0.010989548759082868,-11.274098175006229,-11.27409817500623,-11.27409817500623,-0.2333333333333334,4,56
0.0,0.0,0.0,2.0,0.0,0.0,7.956758728452495,1.1227760071056514,4.835783738850787,0.9582389839666352,0.8598505574242384,0.49955868689418204,2279.291827329025,5163.865210224759,1865.2041494602715,10.898409884115724,-0.009408508044274733,-11.285563489946684,-11.285563489946684,-11.285563489946684,-0.2333333333333334,4,56
0.0,0.0,0.0,2.0,1.0,1.0,12.132564782058877,1.663975984784961,4.13661397588583,0.9772424118472827,0.9153677521818407,0.45747733337143737,16187.358446441773,15008.983514448559,18810.980177363897,,,-11.721081463723488,-11.72108146372349,-11.72108146372349,-0.2333333333333334,4,56
0.0,0.0,0.0,2.0,0.0,0.0,12.289274604739914,1.123976075136614,3.1425666102035668,0.9600461258241854,0.8731796378450555,0.49999671052878786,6942.9084995891335,5154.5686606588015,1590.5898975038922,6.8027707460640165,-0.07458903193251587,-11.284597774454483,-11.284597774454483,-11.284597774454483,-0.2333333333333334,4,56
0.0,0.0,0.0,2.0,0.0,0.0,12.300095808685427,1.1239762315090145,3.2381065263172997,0.9604633285177907,0.8771233859043549,0.49997220654886465,5778.819932431383,5446.417865926427,1797.4742207086542,6.802678240840879,-0.08225457333057773,-11.28407009656353,-11.284070096563532,-11.284070096563532,-0.2333333333333334,4,56
0.0,0.0,0.0,2.0,1.0,1.0,12.109960514622246,1.658458725997249,4.787691405357838,0.9849275142816926,0.8954833784576817,0.45567023814136914,16575.256187223717,11624.165546024944,17198.87101350003,,,-11.709027701585518,-11.70902770158552,-11.70902770158552,-0.2333333333333334,4,56
0.0,0.0,0.0,2.0,0.0,0.0,12.37790237483518,1.1235415878807016,4.876254790489659,0.9604199148677547,0.8620366304432329,0.499405645890002,5088.380870165978,5405.894491346893,1591.7394883077384,6.800327066659732,-0.08949794850120041,-11.283645915049952,-11.283645915049954,-11.283645915049954,-0.2333333333333334,4,56
0.0,0.0,1.0,2.0,0.0,2.0,2.3736870153807104,1.613458863645792,2.401257459074259,0.2430717684328556,0.11652194987982512,0.24877808801829815,16312.692345120013,4907.268016599119,16048.939635977149,,0.0,-11.854232699436043,-13.453323218164954,-13.036125353443056,-0.4077599696815014,4,56
0.0,1.0,0.0,2.0,0.0,0.0,12.335838577810343,1.1000325890421687,3.0,0.8384367562519767,0.9033318973128656,0.9941326587758413,10190.994848934757,6761.030165395047,10145.926629821153,,,-11.419729388734623,-11.419729388734625,-11.419729388734625,-0.2333333333333334,4,56
0.0,1.0,0.0,2.0,0.0,0.0,12.335891289170597,1.119961189308964,3.0,0.9683590662406969,0.9219144819619736,0.4971841341310735,9894.856815651146,9998.424953026673,10211.508309745785,6.811347966714941,-0.09623874739730065,-11.269661346360492,-11.269661346360493,-11.269661346360493,-0.2333333333333334,4,56
0.0,1.0,0.0,2.0,0.0,0.0,12.3365625764514,1.100123302655187,3.0,0.8424914514566909,0.8416875509416197,0.9946583157160982,10135.464795902973,6788.861820304965,10108.308967941388,,,-11.414191168958228,-11.41419116895823,-11.41419116895823,-0.2333333333333334,4,56
0.0,1.0,0.0,2.0,0.0,0.0,12.335078430710523,1.1201639827135816,3.0,0.9668016130799014,0.8959885871736449,0.4980093599188764,10157.945631059012,7129.528801023413,10170.505996211592,,,-11.271849434266361,-11.271849434266363,-11.271849434266363,-0.2333333333333334,4,56
0.0,1.0,0.0,2.0,0.0,0.0,12.321468900253384,1.1006503745479879,3.0,0.9670719669999149,0.9041527709896243,0.9944889782815446,13171.273785187814,6740.807522977748,10130.705786496295,,,-11.249603147806416,-11.249603147806418,-11.249603147806418,-0.2333333333333334,4,56
0.0,1.0,0.0,2.0,0.0,0.0,12.336084056632593,1.120423042279496,3.0,0.838479206808942,0.7998192453903838,0.9941218364418571,10017.256631825088,6743.265681834583,10153.565868985866,,,-11.441522726586808,-11.44152272658681,-11.44152272658681,-0.2333333333333334,4,56
0.0,1.0,0.0,2.0,0.0,0.0,12.321308061424784,1.1007570702329486,3.0,0.8374648929325779,0.9258259968093316,0.9942852104278371,10225.409866500255,6741.57693733446,10162.116983263473,,,-11.421868446927794,-11.421868446927796,-11.421868446927796,-0.2333333333333334,4,56
0.0,1.0,0.0,2.0,0.0,0.0,12.382258441149643,1.124551697909682,3.0,0.9286227192976605,0.9033988543817139,0.4977519472415549,12742.27758814731,6700.108876486859,9569.121093217651,6.802622140563195,-0.07976620967240144,-11.325421210249328,-11.325421210249328,-11.325421210249328,-0.2333333333333334,4,56
0.0,1.0,0.0,2.0,0.0,0.0,12.323099774137496,1.101146642740713,3.0,0.9671737102756859,0.9033640043096823,0.9944948059475465,13142.375948558252,7041.55515500095,10109.34498858576,,,-11.250037638246546,-11.250037638246546,-11.250037638246546,-0.2333333333333334,4,56
0.0,1.0,0.0,2.0,0.0,0.0,12.338167308478566,1.1166475183923625,3.0,0.8395008487238186,0.8445483849960284,0.9943585630713774,10146.97162726102,7360.6808478780795,10106.958613249439,,,-11.436101875809918,-11.436101875809918,-11.436101875809918,-0.2333333333333334,4,56
