version https://git-lfs.github.com/spec/v1
oid sha256:25a43bf4b7967d6471ff6938700217de4bd4f28ebfe4d74b57f54eb35e32ca0d
size 559634
