epoch,train_loss,train_loss_adj,train_loss_features,train_loss_features_binary,train_loss_features_continuous,train_loss_kl,train_adj_precision,train_adj_recall,train_adj_f1,train_adj_edge_rate,train_loss_recon,val_loss,val_loss_adj,val_loss_features,val_loss_features_binary,val_loss_features_continuous,val_loss_kl,val_adj_precision,val_adj_recall,val_adj_f1,val_adj_edge_rate,val_loss_recon,val_adj_f1_smooth
1,0.6981183591153887,0.1788177639775806,0.46097240470515355,0.38874264947573345,0.07222975454065535,23.331276896158855,0.04447193137804667,0.05886199948605564,0.030619565612739985,0.07066119096014235,0.6397901686827341,0.38873719072341917,0.11033185309171677,0.19600201511383056,0.1819069720506668,0.014095043629407883,32.96132830810547,0.0,0.0,0.0,0.07115445709228516,0.3063338682055473,0.0
2,0.3743648880852593,0.11656202091111077,0.18698461555110082,0.1717769836054908,0.015207631698913045,28.327301856146917,0.00022222222222222223,6.535947736766603e-06,1.2698412769370609e-05,0.07066118995348612,0.3035466364622116,0.33336032390594483,0.10989310258626937,0.15846219170093537,0.1454152021408081,0.013046991430222988,26.002012603759766,0.0,0.0,0.0,0.07115445709228516,0.2683552942872047,0.0
3,0.33151834988594053,0.11426277835501565,0.1493155455721749,0.13610171587599648,0.013213828756577438,27.17601047261556,0.08013053235411643,0.008905526017977132,0.015290480157567395,0.07066119050979615,0.26357832392719055,0.29612735271453855,0.10058076447248458,0.12414124393463134,0.11279871302843093,0.011342533178627491,28.56213540649414,0.034,0.0008342043794691562,0.0016284472197294236,0.07115445709228516,0.22472200840711593,0.0005428157399098079
4,0.28578556823730467,0.09642577395836512,0.1163989323841201,0.10535770373211967,0.0110412283382482,29.184345009697807,0.48483868175082734,0.1796031812561883,0.24918340492248536,0.07066119111908807,0.2128247063424852,0.24562375378608703,0.07707992535829544,0.09130786561965942,0.08285443896055221,0.008453425876796246,30.894386260986327,0.9503480453491211,0.23510408973693847,0.3719294967651367,0.07115445709228516,0.16838779097795487,0.09338948599621653
5,0.2371504691441854,0.06346696368853251,0.0921964449485143,0.08278245230515797,0.009413992818858888,32.59482454087999,0.5323368657430013,0.5441756210327149,0.5237015613979763,0.07066119008594089,0.1556634086370468,0.19934869527816773,0.04328668537735939,0.06876444613933563,0.06149790275096893,0.00726654426753521,34.91902597045898,0.7327580642700195,0.6350416793823243,0.6752174606323242,0.07115445709228516,0.11205113151669502,0.2097550809234381
6,0.1994865445560879,0.04295912504196167,0.0697000637087557,0.06216370952791638,0.007536354041761822,34.73094309149848,0.6043372107611762,0.7945640445285373,0.6822400635613336,0.07066119066874187,0.11265918875071737,0.16784576630592346,0.02684817524254322,0.05165550002455711,0.04581466528773308,0.005840835463255644,35.736837707519534,0.6722339630126953,0.9840688934326172,0.7943325271606445,0.07115445709228516,0.07850367526710034,0.36862158635556697
7,0.179073947429657,0.03708385276463297,0.0544223516119851,0.04844179661737548,0.005980554915550682,35.027097493489585,0.6329974284701877,0.8519340379503039,0.7226939548916287,0.07066119082768758,0.09150620437661808,0.15222460722923278,0.024109404206275938,0.04131211882829666,0.03712606936693191,0.004186049845069647,34.72123468017578,0.7095403213500977,0.9547945022583008,0.8100083618164062,0.07115445709228516,0.0654215230345726,0.5306232587188482
8,0.1655421147611406,0.034101884216070175,0.04503291312191222,0.04061361254254977,0.004419300618684954,34.56292778184679,0.652590950012207,0.8714509794447157,0.7429914016723633,0.07066119109259711,0.0791347973379824,0.1419733086824417,0.023005379155278206,0.033015871524810794,0.030128202632069587,0.0028876681327819824,34.38082540893555,0.7838003540039062,0.8800236968994141,0.8254904022216797,0.07115445709228516,0.056021250680089,0.6953956497192383
9,0.15541254451539782,0.032271113952000934,0.03855086398124695,0.03518844586279657,0.0033624180909246205,33.83622740342882,0.6637365061442058,0.8821547563340929,0.7545971374511719,0.07066119008594089,0.07082197793324788,0.132198303937912,0.021089537009596825,0.028179905250668526,0.026102986246347427,0.0020769192911684513,33.17154638671875,0.7178521881103516,0.9682686004638672,0.8201704406738282,0.07115445709228516,0.04926944226026535,0.7850438385009766
10,0.14775132619010078,0.031052910212013455,0.03369856654935413,0.030888959803515012,0.0028096069393472537,33.19994048394097,0.6700331768459744,0.8896754548814562,0.7616475834316677,0.07066118976804946,0.06475147676136758,0.12607609629631042,0.020028579995036124,0.02438006657361984,0.02273422147333622,0.0016458451431244612,32.666980682373044,0.730669075012207,0.9451652297973633,0.8213335113525391,0.07115445709228516,0.044408646568655966,0.8142670486450194
11,0.14179949861102634,0.030205706414249207,0.030254334486193128,0.027734705337219768,0.00251962910240723,32.53578388807509,0.6745248718261718,0.8961792221069336,0.7669415287441678,0.07066119050979615,0.06046004090044234,0.1220491794347763,0.01995029430091381,0.02017862321436405,0.018784126326441764,0.0013944968609139322,32.768105010986325,0.7412482604980469,0.9491605834960938,0.8255063781738281,0.07115445709228516,0.04012891751527786,0.8205018188476563
12,0.13708827143245272,0.0295804610186153,0.027746246423986223,0.02538062146306038,0.002365624997557865,31.904626647949218,0.6758935292561848,0.8998647104899089,0.7692630132039388,0.07066119040383233,0.05732670744260152,0.11640360391139984,0.019096340462565423,0.01898568396270275,0.017711336076259614,0.0012743478901684284,31.328631698608397,0.7042288208007812,0.9932272872924804,0.820069595336914,0.07115445709228516,0.038082024425268174,0.8225140655517578
13,0.13299541005823348,0.028984068733122613,0.02570243652496073,0.023502019554376603,0.0022004169140838917,31.323562259250217,0.6783726586235894,0.9026010174221463,0.7719297663370768,0.07066119103961521,0.05468650525808334,0.11276146119832993,0.01856955225765705,0.016908841907978058,0.015679646611213686,0.0012291954606771468,30.913228240966795,0.7101048583984375,0.9814566192626953,0.820477653503418,0.07115445709228516,0.03547839416563511,0.8215115158081054
14,0.12933024202452764,0.028483894588218796,0.02392046662999524,0.021869383215904235,0.002051083466141588,30.770353030734594,0.6793222071329753,0.9051976127624511,0.7735031269921196,0.07066119082768758,0.05240436121821404,0.10977053904533386,0.01832746933400631,0.015180004842579364,0.014127890907227993,0.001052113989368081,30.505225967407227,0.7031743011474609,0.9955087432861328,0.8202870330810547,0.07115445709228516,0.03350747417658567,0.8215348342895508
15,0.12615630841255188,0.027981602403852675,0.022478448066446517,0.02052262277570036,0.001955825251734091,30.278503441704643,0.6810723118252224,0.9071545931498209,0.775421940697564,0.07066119072172376,0.050460050470299195,0.10685647517442703,0.01821607944369316,0.013976556226611137,0.013008841574192046,0.000967714674770832,29.86553646850586,0.7384458923339844,0.9515869216918945,0.8280658798217774,0.07115445709228516,0.032192635670304295,0.8228813079833983
16,0.12314124162329568,0.02750850087735388,0.021071691926982668,0.01925118651489417,0.0018205053598309557,29.82442000325521,0.6872632562849257,0.9058955985175239,0.7789584634568956,0.07066118971506755,0.04858019280433655,0.10475435703992844,0.01791424570977688,0.013372399404644967,0.012315509535372257,0.0010568899819627404,29.387085006713868,0.7129155807495117,0.9859514541625977,0.8232833404541016,0.07115445709228516,0.03128664511442185,0.8224367004394532
17,0.12024623274140887,0.02703800029059251,0.019790064680907462,0.018045976461635697,0.0017440881815014614,29.367267793443467,0.6938404360877143,0.9049364162021213,0.7828939001295302,0.07066119077470567,0.04682806497149997,0.10225247156620025,0.01740067970752716,0.012139230631291867,0.011335941098630429,0.0008032896206714213,29.085025283813476,0.696554801940918,0.9982430419921875,0.8162495651245117,0.07115445709228516,0.029539910338819027,0.8216726943969727
18,0.11775000541739994,0.026684505868289205,0.01874935292204221,0.017067952833241886,0.0016814001094963816,28.926459359063042,0.7006445416344537,0.9023618562486436,0.7861281581454806,0.07066118950313992,0.04543385879033142,0.10007863855361938,0.017266635432839395,0.010801469780504704,0.010062263503670692,0.0007392059843987226,28.80421440124512,0.7105108337402344,0.9867659759521484,0.8228139495849609,0.07115445709228516,0.0280681052133441,0.8221399536132813
19,0.11550712380806605,0.02630021210345957,0.017785117391082975,0.01618689937558439,0.0015982180103245708,28.568718370225696,0.7105707590315077,0.8968916803995768,0.7903885531955295,0.07066119061575996,0.044085329494542545,0.0981116248369217,0.017187078133225443,0.009822023585438728,0.009203846909105778,0.0006181768854148686,28.441009887695312,0.7242209167480469,0.9740008163452148,0.8270570297241211,0.07115445709228516,0.02700910171866417,0.8234939529418945
20,0.11341597867012024,0.025946778807375167,0.017028576728370454,0.015469306651088926,0.001559270017883844,28.176249757554796,0.7206694653828939,0.8905477786593967,0.7942296449873183,0.0706611901919047,0.04297535553574562,0.09583708786964416,0.0171071614921093,0.009969587564468384,0.009355110429227351,0.0006144772935658693,27.504135513305663,0.7274881820678711,0.9713819885253906,0.8276510772705078,0.07115445709228516,0.027076749056577684,0.8234109924316406
21,0.11156679713726043,0.025674766386548677,0.016326647637618912,0.014835862535569403,0.001490785050412847,27.826153869628907,0.7296090066697862,0.8839060948689779,0.7970347633361816,0.07066119045681424,0.042001414024167585,0.09486521524190902,0.01723826526105404,0.008945958033204079,0.008452828176319599,0.0004931299099698663,27.472397735595703,0.8112354431152343,0.8933179702758789,0.8464993362426758,0.07115445709228516,0.026184223294258117,0.8280541915893554
22,0.10978545090887282,0.025384839831127062,0.01572440878384643,0.014268313103251986,0.0014560956832849318,27.470481540256078,0.7391461872524685,0.8764338328043619,0.7997341668870714,0.07066119048330519,0.04110924861497349,0.09292816352844238,0.01652640250325203,0.008208379484713077,0.007689079284667969,0.0005193004519678653,27.277354309082032,0.7636808700561524,0.938851951599121,0.8389692230224609,0.07115445709228516,0.024734781987965106,0.8325981231689454
23,0.10824510194857916,0.02513736127316952,0.015143541988399293,0.013731000512010521,0.0014125414736982848,27.185680335150824,0.7497210125393338,0.871342098236084,0.8036776084899903,0.07066119111908807,0.040280903261568815,0.09117605203390121,0.016208319813013076,0.0077484407573938366,0.007295018739998341,0.0004534220970235765,26.887717208862306,0.7930256805419922,0.9316368255615234,0.8539698791503906,0.07115445709228516,0.023956760570406913,0.8388293090820312
24,0.10660690780480703,0.024773628774616453,0.01462513299451934,0.013240273933443758,0.0013848591075382298,26.88325919087728,0.7576738221910265,0.8670829255845811,0.8064579221937391,0.07066119029786852,0.039398761769135794,0.09024912184476852,0.016630363404750825,0.007350848540663719,0.006897458538413048,0.0004533899952657521,26.507164321899413,0.8775517959594726,0.8534092407226562,0.8592333602905273,0.07115445709228516,0.023981211945414544,0.8452645751953124
25,0.10509495435820686,0.024409688328703244,0.014156156444715129,0.012800050534307956,0.0013561058485259613,26.61164419555664,0.7672969830830892,0.8654698202345106,0.811329089694553,0.07066119050979615,0.03856584477341837,0.08839129799604416,0.015569993570446968,0.007028566833585501,0.00657372060418129,0.0004548462405800819,26.3170958404541,0.8116017532348633,0.9272912979125977,0.862769416809082,0.07115445709228516,0.02259856040403247,0.8522882431030274
26,0.10371340376800961,0.02395982449584537,0.013742781247529718,0.012392892244789335,0.0013498890017055803,26.40432004292806,0.7747451606326633,0.8682998962402344,0.8167094434102377,0.0706611913310157,0.037702605743375084,0.08641110801696777,0.014724205940961839,0.0067705179527401925,0.006327783957123756,0.0004427340051624924,25.966555267333984,0.7781851806640625,0.9806184310913086,0.864318374633789,0.07115445709228516,0.02149472389370203,0.8558520507812499
27,0.10219561037752363,0.02337136320107513,0.013358573087387615,0.012018691696226597,0.0013398814674259888,26.186270211113825,0.783622686598036,0.8732989900377062,0.8239042977227105,0.07066119029786852,0.036729936288462744,0.08661810529232025,0.014850744679570198,0.00653696208447218,0.005903385799378156,0.0006335763563401997,26.09216015625,0.8549563751220703,0.9143565063476562,0.8813129577636719,0.07115445709228516,0.021387706764042377,0.8643207977294921
28,0.10088400811619229,0.022806448767582574,0.01299911476009422,0.011650248885154724,0.001348865827338563,26.03137860446506,0.7912990396287706,0.8790273496839736,0.8308230968051487,0.07066119029786852,0.03580556352767679,0.08395946550369263,0.013579116471111775,0.00610820172727108,0.005698674753308296,0.00040952697466127574,25.708859008789062,0.8297966003417969,0.9624670639038085,0.8890586395263672,0.07115445709228516,0.019687318198382854,0.8713385498046875
29,0.09936883380015692,0.022135387928949462,0.01265541784134176,0.011314763436714809,0.0013406543698575761,25.831211752997504,0.7991835655636258,0.8857859001159668,0.8382262272304959,0.07066119056277805,0.03479080577029122,0.08355169296264649,0.01297714039683342,0.005596052218228578,0.005163921788334846,0.00043213049718178806,25.991400314331056,0.8420604095458984,0.9500872421264649,0.8907240829467773,0.07115445709228516,0.018573192615061997,0.8776366943359374
30,0.09798614562882317,0.021484371337625714,0.012369066884120306,0.011014287288818094,0.0013547795517370104,25.653083675808375,0.8058892059326171,0.8914521068996853,0.8446857511732313,0.07066119066874187,0.033853438221746024,0.08295704340934754,0.012841511689126492,0.005549102433025837,0.00499294625595212,0.0005561562231741846,25.826571350097655,0.8661201858520508,0.9328303451538086,0.8957646713256836,0.07115445709228516,0.01839061412215233,0.8842357452392579
31,0.09672658508353763,0.0208372307519118,0.012169766242305438,0.010779606570800146,0.0013901596600189804,25.487835828993056,0.8124836468166775,0.8970711966620551,0.8508302273220486,0.0706611905362871,0.03300699699421723,0.08101168012619019,0.012471798799932004,0.005697607666254044,0.004998351573944092,0.000699256032705307,25.136909927368166,0.8572688751220703,0.9515286483764649,0.8994954528808594,0.07115445709228516,0.018169406466186047,0.8912711608886719
32,0.09526633693774542,0.020205550498432583,0.011910683759384685,0.010528022246228324,0.0013826616112556723,25.26004145643446,0.819060423956977,0.9023582882351345,0.8569040985107422,0.07066119082768758,0.03211623425781727,0.07880896234512329,0.011537527695298195,0.0054761749431490895,0.004920302730053663,0.0005558721446432173,24.718103973388672,0.8555814743041992,0.9626593322753906,0.9036617660522461,0.07115445709228516,0.017013702638447283,0.8957409225463866
33,0.09395123852623834,0.01961890792515543,0.011624930387569798,0.010244444967971908,0.0013804854212535753,25.082960456000436,0.8244407509697809,0.9049351802402072,0.861172387017144,0.07066119050979615,0.031243838312725227,0.0794484571814537,0.012489659130573273,0.0051102287881076335,0.004503672059625387,0.0006065567834302783,24.73942820739746,0.8566416549682617,0.949956916809082,0.8993087158203125,0.07115445709228516,0.017599887918680907,0.8977909378051757
34,0.09286277683575948,0.01921043800148699,0.011424504522648123,0.010044499922957686,0.001380004565955864,24.89113427225749,0.8281929473876953,0.9078355077107747,0.8646479975382487,0.07066118945015801,0.030634942524135116,0.07906396669149399,0.011400654144585133,0.004634121097624302,0.004194626048207283,0.0004394949492998421,25.211677658081054,0.901544807434082,0.9346975784301758,0.9153506927490235,0.07115445709228516,0.016034775242209434,0.9027162597656251
35,0.09169960265689427,0.01872490257687039,0.011185246903863218,0.00981688363932901,0.0013683632236594955,24.715781868828667,0.8329889873928494,0.9102287245856391,0.8682502343919543,0.0706611908806695,0.02991014948073361,0.07605751246213913,0.010099449291825295,0.004350487541407347,0.003887058451771736,0.0004634290374815464,24.643029968261718,0.8752135467529297,0.9679633865356445,0.9171621017456054,0.07115445709228516,0.014449936833232643,0.9069957458496093
36,0.09076986128754086,0.018452536470360225,0.010982823049028714,0.009632301021781232,0.0013505220421486431,24.533801059299044,0.835613892449273,0.9115845493740505,0.8704034652709961,0.07066119043032329,0.02943535951938894,0.07668079805374145,0.011141235731542111,0.004489896904677153,0.004058893654495478,0.00043100323621183634,24.41986592102051,0.9165589599609375,0.925274673461914,0.9184676055908203,0.07115445709228516,0.015631132636219264,0.9107901763916015
37,0.08991200516621271,0.018178412425849173,0.010790033682352967,0.009446206654939386,0.001343827024102211,24.377424509684246,0.839497553507487,0.912569165971544,0.8728846622043186,0.0706611909866333,0.02896844610820214,0.07546778273582458,0.010841615922749043,0.004424210820347071,0.003968390062451362,0.0004558207648806274,24.08078303527832,0.9190249557495117,0.9330212936401368,0.923605224609375,0.07115445709228516,0.015265826743096114,0.9147788681030274
38,0.0886827294892735,0.017616396718555027,0.01054860817309883,0.009226277237965002,0.001322330923544036,24.207090472751194,0.8440627352396647,0.9163607262505425,0.877228256225586,0.07066119045681424,0.028165004891653855,0.07316040855646133,0.009370055876672268,0.00394880686327815,0.003546255609020591,0.0004025512544903904,23.936618698120117,0.8857227249145507,0.9729557647705078,0.925589599609375,0.07115445709228516,0.013318862739950418,0.9200350448608399
39,0.08792577318350474,0.017386230354507762,0.010406464025378228,0.009079834895001518,0.001326629089501997,24.053232094658746,0.8461109763251411,0.9168990902370877,0.8786485311720106,0.07066119066874187,0.02779269437988599,0.07283824998140336,0.010075417347252369,0.004154358483850956,0.0037107422817498448,0.00044361617928370835,23.443390014648436,0.9195526504516601,0.940010368347168,0.9276093673706055,0.07115445709228516,0.014229775831103325,0.9224867797851563
40,0.08718418493535783,0.017077097405989963,0.010213526404566235,0.008899586346414355,0.0013139400972674291,23.95742504204644,0.8494735895792643,0.9183974766201443,0.8811373367309571,0.07066118997997708,0.0272906238105562,0.07231385135650635,0.00956348043680191,0.003818785410374403,0.003356819046661258,0.00046196633623912933,23.572635177612305,0.9283444671630859,0.9404318084716797,0.9322682342529297,0.07115445709228516,0.013382265847176313,0.9255080062866211
41,0.0862099475728141,0.016786569820510015,0.010024190433323383,0.008730028103623125,0.001294162286652459,23.75967527770996,0.8531901613871257,0.920254872639974,0.8840259975857205,0.07066119021839566,0.026810760253833398,0.0715025594830513,0.009600320160388946,0.003846408821642399,0.003546187657862902,0.00030022123781964184,23.222332382202147,0.9071794586181641,0.9515067138671875,0.9265826034545899,0.07115445709228516,0.013446728982031345,0.927131005859375
42,0.08543032470676634,0.016424115851521492,0.00982845810138517,0.00854853950937589,0.0012799186163271468,23.671100502861872,0.8568579711914063,0.9219567345513238,0.8868506410386827,0.07066119050979615,0.02625257395290666,0.07101740968227387,0.008844681590795517,0.0036714239846915007,0.003220739893615246,0.0004506841185502708,23.400521957397462,0.9077129745483399,0.9593853759765625,0.9311958694458008,0.07115445709228516,0.012516105575487017,0.9286491348266601
43,0.0847083155380355,0.016026672161287732,0.009667852015958892,0.008408163494533962,0.0012596885163543953,23.605517132229274,0.8603366470336914,0.9235743281046549,0.8895056355794271,0.0706611901389228,0.025694524177246623,0.06997493481636047,0.00852715154737234,0.0033029457665979863,0.0029875782411545515,0.00031536749703809616,23.257935180664063,0.8964012298583984,0.9744932937622071,0.9321368865966797,0.07115445709228516,0.011830097313970327,0.9299585922241211
44,0.08389951729112201,0.015789892607265047,0.009520484925972092,0.008261240935987896,0.0012592439816022914,23.43565653991699,0.8621662411159939,0.9254308547973633,0.8913597217135959,0.07066119011243184,0.025310377533237137,0.06948151880502701,0.008206707566976548,0.0033192238342016935,0.002988438593223691,0.00033078521699644625,23.18223504638672,0.9099332275390625,0.9617792053222656,0.9335572433471679,0.07115445709228516,0.011525931401178241,0.9311481674194336
45,0.08326525976922777,0.015482609435915947,0.009352446382244427,0.008104514800426033,0.0012479316006518072,23.372081988864476,0.865352042304145,0.9267690272861057,0.8936875356038412,0.07066119069523281,0.024835055818160374,0.06900742971897125,0.008310032531619072,0.003242596501484513,0.0029201618507504463,0.0003224346374627203,22.98192124938965,0.9072284240722657,0.9679907455444335,0.9352842178344727,0.07115445709228516,0.011552629033103584,0.9317513641357422
46,0.08246163595385021,0.015145055383443833,0.009209279911385641,0.007962421774036355,0.0012468581565966209,23.24292064073351,0.8682582338121202,0.9291645537482368,0.8963950678507487,0.07066119035085042,0.024354335294829475,0.06870889365673065,0.008176028944551945,0.0029311910979449747,0.0026594388894736767,0.00027175218681804833,23.04067008972168,0.933352767944336,0.9533392639160156,0.9414516983032226,0.07115445709228516,0.01110722004249692,0.9347251831054688
47,0.08195902774069044,0.014983223121199343,0.009034773461520672,0.007795550431642267,0.001239223022117383,23.176412874009873,0.8712868427700466,0.9288105070326064,0.8978733901977539,0.07066119008594089,0.024017996582720014,0.06833950436115264,0.007558000288903713,0.002878361817449331,0.002576810486614704,0.0003015513583086431,23.16125778198242,0.9075030746459961,0.975568832397461,0.9388694305419922,0.07115445709228516,0.010436362106353044,0.9362598953247071
48,0.08138053065538406,0.01483245141307513,0.008908727226985826,0.007684458764890829,0.0012242684757543935,23.05574135843913,0.8723329145643446,0.9302290369669597,0.8990948261684841,0.07066119029786852,0.023741178640060957,0.06927820837497711,0.007852559551596642,0.002884370056912303,0.002488226210698485,0.0003961438441183418,23.416512344360353,0.9168580856323242,0.9680196685791016,0.9400838317871094,0.07115445709228516,0.010736929608508944,0.937849284362793
49,0.08065478315618303,0.014519276784525977,0.00873560672170586,0.007516091343015432,0.0012195153451628154,22.95996046447754,0.8746784303453233,0.9317134725782606,0.9010529641045465,0.07066119082768758,0.023254883506231838,0.06719899767637252,0.007157597482204437,0.002791375467553735,0.002484505934640765,0.00030686956853605805,22.900010543823242,0.9046353378295898,0.9821764678955078,0.9406830139160156,0.07115445709228516,0.009948972949758172,0.9392744384765624
50,0.08017841478851107,0.014402384031150076,0.008599873430199093,0.007386198817855782,0.0012136746188625694,22.8704634314643,0.8766991407606337,0.9322145300971137,0.902302148607042,0.07066119003295898,0.02300225746134917,0.06704487729072571,0.007103975363075733,0.0025489745046943426,0.002285758536309004,0.0002632159572094679,22.95677200317383,0.9072097625732422,0.9816412506103516,0.941669334411621,0.07115445709228516,0.009652949867770075,0.9405514617919921
51,0.07965697028239568,0.01427036168674628,0.008447803696824444,0.007239449549466372,0.0012083541496346393,22.775522599962024,0.8774353680080837,0.9337337909274631,0.9034781307644314,0.0706611909866333,0.022718165383570722,0.06729950028657913,0.00804002781957388,0.002937941670417786,0.0024697948452085255,0.0004681467991322279,22.528613037109373,0.9348275375366211,0.9559087142944336,0.943755729675293,0.07115445709228516,0.010977969489991666,0.9410122680664064
52,0.07915105141533746,0.014107448637485503,0.008314329208599196,0.007131775494664907,0.0011825537416152655,22.69171009487576,0.8790677159627278,0.9341544630262587,0.9046125475565593,0.07066118997997708,0.0224217778460847,0.06582780921459198,0.007360665783286095,0.002516928058117628,0.0022672102730721235,0.0002497178027406335,22.38008671569824,0.9195837326049805,0.9702466049194336,0.9426120376586914,0.07115445709228516,0.009877593841403723,0.9417607894897462
53,0.07861442724863688,0.013868263353904089,0.008161364335152839,0.006989332370460033,0.0011720319689354963,22.63392042880588,0.8814022165934244,0.9361188875834147,0.906712946150038,0.07066119080119662,0.022029627689056926,0.06537399107217788,0.006916688155382871,0.0024798771794885396,0.002234568180516362,0.00024530899454839526,22.39097055053711,0.9164125900268555,0.9775272216796875,0.9447214584350586,0.07115445709228516,0.009396565334871411,0.942688314819336
54,0.07821774029731751,0.0138563814378447,0.00802377456592189,0.006857443431599272,0.0011663311410488354,22.535034322102863,0.8808520202636718,0.9353474714491102,0.9060880499945747,0.07066119072172376,0.02188015600376659,0.06544429302215576,0.006492179650813341,0.0023514298554509878,0.0020007721669971943,0.00035065769753418865,22.64027392578125,0.9229285278320313,0.9768767623901368,0.9476544036865234,0.07115445709228516,0.00884360950626433,0.9440825927734375
55,0.0777271021273401,0.013731021889381939,0.007878481326831712,0.006725572722239627,0.001152908612560067,22.4470400390625,0.8825469436645508,0.935557980855306,0.9070657073126899,0.07066119050979615,0.021609503216213653,0.06623397308588028,0.006793831530958414,0.0022418142706155776,0.002009114012122154,0.00023270023125223816,22.879331283569336,0.9059856796264648,0.9833882522583007,0.9419098815917969,0.07115445709228516,0.009035645801573991,0.9441307022094726
56,0.07723241399394142,0.013566367682483461,0.007766842583815257,0.006630703069269657,0.0011361395481766926,22.359682040744357,0.8836172218322754,0.9374839774237739,0.9085290188259548,0.07066119035085042,0.021333210266298717,0.0634949796795845,0.006490597754716873,0.0022279391922056676,0.001989441296085715,0.00023849788168445228,21.91057778930664,0.9223681106567383,0.9769624786376954,0.9475325851440429,0.07115445709228516,0.008718536946922541,0.9448860733032227
57,0.07684850827852885,0.013470900340212717,0.007643339472512404,0.006510355081409216,0.0011329844186289443,22.29370769924588,0.8849879239400228,0.93754052734375,0.9093381949530708,0.07066119043032329,0.02111423981272512,0.06311013507843018,0.006736081536859274,0.0022628312185406685,0.001977637579664588,0.00028519367007538677,21.644489105224608,0.9184295120239258,0.9786147766113281,0.9461648330688477,0.07115445709228516,0.008998912755399942,0.9455966323852539
58,0.07653844465149774,0.013450450675355063,0.007514799070027139,0.006391083613451984,0.0011237154287389584,22.22927847290039,0.8859217321607802,0.9377075254652235,0.9098984129163954,0.07066119080119662,0.020965249745382202,0.06405071896314621,0.00646305350959301,0.0020396807454526426,0.001766008721664548,0.00027367206546477973,22.219193893432617,0.903619644165039,0.9914501037597656,0.9442838363647461,0.07115445709228516,0.008502734255045653,0.9455091079711915
59,0.07601053267717361,0.013329562463694149,0.007383298934747776,0.0062691310002572,0.0011141679416307145,22.119068864610462,0.8866901698642307,0.9384671223958333,0.9106494335598416,0.07066119024488661,0.020712861398441924,0.06302971851825714,0.006163155399262905,0.0019858157653361557,0.0017485916148871183,0.00023722412437200547,21.952299301147463,0.9193971176147461,0.9845067977905273,0.9496040573120117,0.07115445709228516,0.008148971164599061,0.945899038696289
60,0.07565526505973603,0.013171408745977614,0.00729290050185389,0.006169327664706442,0.0011235728272133403,22.076382832845052,0.8878205015394423,0.9393657947116428,0.9117332602606879,0.07066119090716044,0.020464309247831505,0.06347585505247116,0.006261794377118349,0.0018374746730551123,0.001622165293432772,0.00021530939941294492,22.15063446044922,0.914642822265625,0.9867549819946289,0.9480946807861328,0.07115445709228516,0.008099269050173462,0.9471359985351562
61,0.07526008047660192,0.013119597861336338,0.007175716762741407,0.006070265517880519,0.001105451258727246,21.985906841701933,0.8879961115519206,0.9398711463080512,0.9120440750122071,0.07066119096014235,0.020295314624077743,0.06352925384044647,0.006582215394824743,0.0018315886855125427,0.0016310734013095499,0.00020051525859162211,22.046180740356444,0.9151196212768554,0.9805277938842774,0.9451430282592773,0.07115445709228516,0.008413804080337286,0.9466580871582032
62,0.07488530818621318,0.01301527589559555,0.007064447183575895,0.005975125702718894,0.0010893214927572344,21.922234503851996,0.8889834560818143,0.941008767022027,0.9130924614800348,0.07066119077470567,0.020079723079171444,0.0626554697751999,0.006607710678130388,0.001948651760816574,0.0017214831374585628,0.0002271686049643904,21.639643295288085,0.938349723815918,0.9685700988769531,0.9519796371459961,0.07115445709228516,0.008556362438946962,0.9478210479736328
63,0.07461575141217973,0.01298960876878765,0.006951054318497578,0.005854976931793822,0.0010960773825645447,21.87003574625651,0.8901160447862413,0.9407089568244086,0.9135432366265192,0.0706611901919047,0.01994066308728523,0.06314995741844177,0.006317229200154543,0.0017146529126912356,0.0014725512210279703,0.00024210170423611999,22.047231201171876,0.9151752319335937,0.9851728591918946,0.9476485900878906,0.07115445709228516,0.008031882112845778,0.9484939987182617
64,0.07416704265938864,0.01288027919580539,0.006864993721660641,0.00579624415644341,0.001068749574633936,21.768708140055338,0.8909332118564182,0.9413711318969726,0.9143383458455404,0.0706611901919047,0.01974527291746603,0.06216594111919403,0.0061215080916881565,0.0015694227591156959,0.001377711646258831,0.00019171112100593746,21.790004333496093,0.9330002822875977,0.9766865310668945,0.9529749603271485,0.07115445709228516,0.007690930850803852,0.949168179321289
65,0.07391407978534699,0.012858963650133875,0.006739693449603187,0.005678481794065899,0.0010612116565720902,21.726169576009113,0.891652937995063,0.9406804801093207,0.9143931096394857,0.0706611908806695,0.01959865709973706,0.06281930416822433,0.006473302863538265,0.0015578635837882758,0.0013339142622426153,0.00022394930780865252,21.915255966186525,0.9300567321777343,0.9745040283203125,0.9503787536621093,0.07115445709228516,0.008031166447326541,0.9496249938964845
66,0.07351005419757631,0.01272756315022707,0.0066453233783443765,0.00558049478671617,0.0010648285704147485,21.6548675910102,0.8924694179958768,0.9419909913804796,0.9154732237921821,0.07066119040383233,0.019372886528571446,0.061172564148902896,0.006454492177814245,0.0016362772854045034,0.0014136039754375814,0.00022267331299372016,21.23271844482422,0.9275444564819336,0.9754891891479492,0.9495414810180665,0.07115445709228516,0.00809076946321875,0.9505046844482422
67,0.07326721792750888,0.01270595024857256,0.006603442689610852,0.005531846805165211,0.001071595910626153,21.58313046942817,0.8924302580091689,0.9422171762254503,0.9155608821445042,0.07066119029786852,0.019309392938183415,0.061176804661750794,0.0059935013204813,0.0016311867628246545,0.0014000152628868819,0.00023117150249890982,21.420846786499023,0.930058479309082,0.9808374404907226,0.9537037048339844,0.07115445709228516,0.007624688083305955,0.9508494979858397
68,0.0729789498647054,0.012684255385564433,0.006457688544359472,0.005396906944198741,0.0010607815766707062,21.53480282423231,0.8928818567064073,0.9423716117011176,0.9158816079033746,0.0706611909866333,0.019141943929923903,0.06128246712684631,0.006425926525145769,0.001609933590516448,0.0013515848657116294,0.00025834873714484277,21.298643356323243,0.9407744979858399,0.9692358093261719,0.9534596786499023,0.07115445709228516,0.008035860115662216,0.9520117156982423
69,0.072699555642075,0.012634420171380042,0.00639068666804168,0.005339504620681206,0.001051182034994579,21.46977976989746,0.8936429968939887,0.9424269256591797,0.9162897817823622,0.07066119056277805,0.019025106839421723,0.061967206418514255,0.006836578514426947,0.001522072872146964,0.0013050748128443956,0.0002169980495236814,21.443422668457032,0.924647689819336,0.9751059265136719,0.9476544952392578,0.07115445709228516,0.00835865138657391,0.950947622680664
70,0.07237981481684579,0.012565234546860059,0.0062776601533922885,0.005244060404598713,0.001033599750759701,21.414768475002713,0.8938059950934516,0.9429348441229927,0.9166149703131782,0.07066119050979615,0.018842894700252348,0.06051488643884659,0.005790070053189993,0.0014423964973539114,0.0012412743056192995,0.0002011221951106563,21.31296839904785,0.9240138854980469,0.9854840927124023,0.9526277770996093,0.07115445709228516,0.007232466550543904,0.951397427368164
71,0.07210462664895588,0.012487536265618271,0.006225580140120453,0.005174200875891579,0.0010513792548121677,21.35660465833876,0.8955898696051704,0.9437171596950955,0.9179495408799914,0.07066118987401326,0.018713116405738722,0.061680080115795136,0.006931802392005921,0.0013996008057147265,0.0011691077891737222,0.00023049301537685096,21.339471099853515,0.9163610916137696,0.9776626586914062,0.9442853927612305,0.07115445709228516,0.008331403197720647,0.9503462097167968
72,0.07173468048042721,0.012398588988516066,0.006104184713628557,0.00507713028209077,0.0010270544204653966,21.292763103908964,0.8953932982550727,0.9438866433037651,0.9179159325493707,0.0706611908806695,0.018502773702144624,0.060490028977394104,0.005808084476739168,0.0012929859254509212,0.001121437025256455,0.0001715488819172606,21.355584060668946,0.9251067428588867,0.9828267211914062,0.9519371185302734,0.07115445709228516,0.0071010704021900895,0.9499928924560546
73,0.07162253301011191,0.012362073303096825,0.006065306350588799,0.005026747099227375,0.001038559260778129,21.278061889648438,0.8961620924207899,0.9445505850050184,0.9186321890089247,0.07066119040383233,0.018427379653685624,0.060094597220420834,0.006325664274394512,0.0013188264155760407,0.0011551891500130296,0.00016363726218696683,20.980043228149412,0.9373816452026367,0.9704862518310546,0.9520758438110352,0.07115445709228516,0.007644490689970553,0.9497161254882812
74,0.07134222835964626,0.012315925399462382,0.005988698917958471,0.004968244112614128,0.001020454817968938,21.215042271931967,0.8958489248487684,0.9443986689249675,0.9183838589986165,0.07066119035085042,0.018304624317420852,0.05987605851888657,0.005686173491179943,0.00118439931422472,0.0010226423302665353,0.00016175698325969278,21.20219511413574,0.9263703689575196,0.9851921997070312,0.9537129516601562,0.07115445709228516,0.006870572805404663,0.950927816772461
75,0.07114912729793124,0.012315861632426579,0.0059339260930816335,0.004904398172679875,0.0010295279200913177,21.15973658074273,0.8966218456692165,0.9443009919060601,0.9187925775316026,0.07066119050979615,0.018249787725508212,0.058775444597005844,0.005522735074162483,0.0012822446692734957,0.0010780982403084637,0.00020414640370290725,20.788186584472655,0.9242483139038086,0.9874207153320312,0.9537217254638672,0.07115445709228516,0.006804979743435979,0.9511466064453125
76,0.07088506007856793,0.01227623935871654,0.005825231906026602,0.0048099474902782175,0.0010152844061247176,21.113435855441622,0.8969340150621202,0.9447820260789659,0.9191326082017687,0.07066119027137756,0.01810147126474314,0.05950303846597672,0.005787860862910748,0.0012330349246039987,0.0010500637087970971,0.00018297120870556683,20.992857345581054,0.9311806259155273,0.9804190673828125,0.9537800827026367,0.07115445709228516,0.007020895787514746,0.9530455444335937
77,0.07076013642549515,0.01230561007807652,0.005775234252214431,0.004767836827784777,0.0010073974420213036,21.071717534383136,0.8970393685234918,0.9442121988932292,0.9189577068752712,0.07066119061575996,0.018080844330290953,0.05897744643688202,0.005377297163009644,0.0011076847817748784,0.0009252528883516789,0.0001824318680446595,20.996986541748047,0.9266424102783203,0.9888033447265625,0.9556745071411132,0.07115445709228516,0.006484981944784522,0.9537930221557618
78,0.07030993299351798,0.012116476578017076,0.00569547136210733,0.004684719529830747,0.0010107518568531506,20.9991945054796,0.8982895685831706,0.9460784958733452,0.9205401975843641,0.07066119058926901,0.017811947940124407,0.05929160225391388,0.005926744408905506,0.0011875845082104206,0.0010108514185994863,0.00017673309892416,20.870909881591796,0.9234394912719727,0.9848872833251953,0.9518255157470703,0.07115445709228516,0.007114328917115926,0.9537429565429687
79,0.0702523580259747,0.012176883325808577,0.005612775833242469,0.0046102755818929935,0.0010025002486589883,20.985080045912,0.8984848984612359,0.9452541965908474,0.9201788762410482,0.07066119056277805,0.017789659159051046,0.059310585856437684,0.005610526751726866,0.0011755484053865076,0.0009204466943629086,0.00025510170659981667,21.009805114746094,0.9390948486328125,0.9799278717041016,0.9578840560913086,0.07115445709228516,0.0067860751571133734,0.9545771774291992
80,0.06983667531940672,0.012019904183844726,0.005565339907175964,0.004567082379841142,0.000998257551031808,20.900572884453666,0.8987216563754612,0.9462312613593208,0.920806820763482,0.07066119037734138,0.01758524409102069,0.0588683717250824,0.005446991078555584,0.001106816003099084,0.0009128467235714197,0.00019396928988862783,20.925826522827148,0.9379173889160156,0.9840730133056641,0.9594282302856445,0.07115445709228516,0.0065538070816546674,0.9557184783935547
81,0.06954198132620917,0.011908589120540354,0.005489285093214777,0.004489763666358259,0.0009995214208546612,20.857643325805665,0.8990078023274739,0.9467176873948839,0.9212125591701932,0.0706611905362871,0.017397874213755132,0.05882044196128845,0.006495357807725668,0.0012264521550387143,0.0009762870790436864,0.00025016506225802003,20.439453125,0.9393582229614258,0.9682675857543945,0.9519592742919922,0.07115445709228516,0.007721809962764382,0.9553543167114258
82,0.06946652424997754,0.011912327424519592,0.005441247280687094,0.00444095582763354,0.0010002914649537868,20.845180245293513,0.8994817945692274,0.9463197462293836,0.9212536150614421,0.07066119029786852,0.017353574705206685,0.05859015628695488,0.005810044545680284,0.001146277624182403,0.000974730672314763,0.00017154693766497075,20.653533782958984,0.9335815582275391,0.9783255157470703,0.9541199951171875,0.07115445709228516,0.006956322169862687,0.9550434143066406
83,0.06932642659876082,0.011854442338148754,0.005397010460082028,0.0044093799967732696,0.0009876304605147906,20.82999008348253,0.9000926098293728,0.9472201478746203,0.9220081083509657,0.0706611908806695,0.01725145279823078,0.05833661577105522,0.005533160284161568,0.0010198508808389305,0.0007717400891706348,0.0002481107849162072,20.713442169189452,0.927097038269043,0.9868882675170898,0.9547618789672851,0.07115445709228516,0.006553011165000499,0.9556306869506835
84,0.06903386398818757,0.011760947917898496,0.0053156642048723165,0.004337767507053084,0.0009778966952839658,20.782901151869034,0.9000806223551432,0.9482823808458116,0.9225628479851616,0.07066119032435947,0.017076612122770812,0.057757402837276456,0.0054229175001382825,0.0010195947363972665,0.0008564430810511113,0.00016315165802370757,20.52595657348633,0.9303132705688476,0.9865683059692383,0.9564633178710937,0.07115445709228516,0.006442512236535549,0.9553465393066407
85,0.06889664885070589,0.011748040046956804,0.0052807718709939055,0.0043048400195936365,0.0009759318651631475,20.74713525560167,0.90013441212972,0.9481802635192871,0.9224303860134548,0.07066119050979615,0.01702881191795071,0.05723678493499756,0.005191921960562468,0.0009105121791362763,0.0007671345886774362,0.00014337759639602155,20.453740768432617,0.9281721878051757,0.9898410186767578,0.9568095932006836,0.07115445709228516,0.006102434139698744,0.9548228118896483
86,0.06892519907156626,0.01187970427920421,0.005222680346833335,0.00423852463439107,0.0009841557193754449,20.729126373291017,0.89862140528361,0.9483655679490831,0.921716940138075,0.07066119072172376,0.017102384626037546,0.05805144333839417,0.005300848823040724,0.0009242421351373196,0.0007473987499251962,0.0001768433788092807,20.73054153442383,0.9308409729003906,0.9870683441162109,0.9570748977661133,0.07115445709228516,0.006225090958178043,0.9558459365844726
87,0.06836876164542303,0.011561039023929172,0.005167754573540555,0.004181749240391784,0.0009860053381158245,20.65598753696018,0.9006541527642145,0.9503509021335178,0.9237963960435656,0.07066118990050421,0.016728793597469725,0.057420170187950134,0.005259916435927153,0.0008965479079633951,0.0007310660094954073,0.0001654819018440321,20.505482727050783,0.9237622909545898,0.9906426239013671,0.9548897933959961,0.07115445709228516,0.006156464343890548,0.9559998962402343
88,0.0683499965733952,0.011668889732824431,0.005134988362176551,0.004141093228426244,0.0009938951469957828,20.61844787428114,0.8996230036417643,0.949862653096517,0.9230059678819444,0.07066118966208564,0.01680387809500098,0.057411827832460405,0.0055236142463982105,0.0008467602101154626,0.0006793834902346134,0.0001673767325701192,20.416581558227538,0.9343016510009765,0.9784738464355469,0.9545400924682618,0.07115445709228516,0.006370374456513673,0.9559555389404297
89,0.06802899740139644,0.011524346484078301,0.005024632353335619,0.004064594523153372,0.0009600378168850309,20.592008037990993,0.9006532791985405,0.9504857516818577,0.9238753441704645,0.07066118997997708,0.016548978837413922,0.0572694306075573,0.005281641241163015,0.0009705723533406853,0.0007208104585297405,0.00024976190156303347,20.40688771057129,0.9297958679199219,0.9870244140625,0.9565139465332031,0.07115445709228516,0.0062522135945037,0.9559656646728516
90,0.06797452388869392,0.011609309243659178,0.004999438763906558,0.004036137437654866,0.0009633013328226904,20.546310999552407,0.9000814810858833,0.9502111850314671,0.9234118457370334,0.07066119082768758,0.016608748007565736,0.05694538328051567,0.0053132082372903825,0.0008516737525351345,0.0006987111801281572,0.0001529625776456669,20.312201232910155,0.9354586029052734,0.9843312225341797,0.9579759826660156,0.07115445709228516,0.006164881989825517,0.956198942565918
91,0.06773086190885967,0.011483130329185062,0.004966227906859583,0.004009227740267913,0.0009570001508109272,20.512601927015517,0.9012384236653646,0.9514824659559462,0.9246340421040853,0.07066119024488661,0.016449358236044646,0.058220607697963715,0.005950071256607771,0.0007448087725788354,0.0005916026933118701,0.00015320608112961054,20.610291488647462,0.9144272384643555,0.9877891845703125,0.9482938842773437,0.07115445709228516,0.0066948800291866065,0.9544427398681641
92,0.06760527017381456,0.011481823138892651,0.00490471954147021,0.003936580181121826,0.0009681393520182206,20.487491600884333,0.9004094217088487,0.9513751941257053,0.9241641693115235,0.07066118992699517,0.01638654268036286,0.05702171766757965,0.005385518193244934,0.0008651273255236446,0.0006772717540152371,0.00018785555695649236,20.30842932128906,0.9258628234863281,0.9894066848754883,0.9554863357543946,0.07115445709228516,0.006250645518768578,0.9545620483398437
93,0.06759490542941624,0.011587621235185199,0.004877713113195366,0.003918802964190642,0.0009589101448655128,20.45182881164551,0.9008500412835015,0.9503271323310004,0.9238503197564019,0.07066118997997708,0.016465334348380566,0.057249216765165326,0.005363686367869377,0.000764003031887114,0.0006064852611161769,0.00015751775994431226,20.448611099243163,0.923569076538086,0.9924699783325195,0.9556435623168945,0.07115445709228516,0.0061276893997564905,0.9547827423095703
94,0.06732657210032145,0.011470901695390542,0.004826535962935951,0.0038575250630577406,0.00096901088523575,20.411654273139106,0.9010293583340115,0.9512641474405924,0.9244206144544813,0.07066119000646803,0.016297437658326495,0.05719492599368095,0.005847284577786923,0.0008268771776929498,0.0006691334741190075,0.00015774370508734136,20.20830628967285,0.9389490280151367,0.9805934829711914,0.9581166229248047,0.07115445709228516,0.006674161755479873,0.9551032775878905
95,0.06720784937010871,0.011451400929854976,0.004799299613055256,0.0038242125490473376,0.0009750870785986384,20.38285981580946,0.9013056911892361,0.9515992897881402,0.9247121242947048,0.07066119050979615,0.01625070054291023,0.057002713412046435,0.005340935833752156,0.0008288543270900846,0.0006001427038572728,0.0002287116281222552,20.33316943359375,0.9302156066894531,0.988638282775879,0.95749072265625,0.07115445709228516,0.00616979016084224,0.9550062255859375
96,0.06709988666905298,0.011455374689565765,0.004735447047485245,0.0037820631145603126,0.0009533839254743523,20.363626644558376,0.9017451032002767,0.9512661230299208,0.9247785352071126,0.07066118966208564,0.01619082173705101,0.05745720851421356,0.005128735799342394,0.0006841993601992727,0.0005267760022543371,0.00015742335084360093,20.657709777832032,0.9313251190185546,0.9892097396850585,0.9581662673950195,0.07115445709228516,0.005812935159541666,0.9569807022094727
97,0.06677881067328983,0.011242127503785821,0.004683415685262945,0.0037370507694366906,0.000946364919655025,20.341307593451607,0.9026176600986057,0.9528627870347764,0.9260287051730686,0.07066119103961521,0.015925543189048767,0.056251517325639724,0.005430244848132134,0.0008056141738779842,0.0006515501150861383,0.00015406406216789036,20.00626383972168,0.9325685348510743,0.9873059768676757,0.9581896514892578,0.07115445709228516,0.006235859022010118,0.9575213653564454
98,0.06673420478900273,0.011376981880929735,0.004687129197021325,0.003721428492209978,0.0009657007258178459,20.268038182576497,0.9017819879319933,0.9521866590711806,0.9252685309516059,0.0706611893441942,0.01606411107795106,0.05674063178896904,0.005719059877097607,0.0007605562461540103,0.0005568031342700123,0.00020375311933457853,20.104406692504885,0.9205773086547852,0.9905348281860351,0.9530583648681641,0.07115445709228516,0.006479616123251617,0.9570043258666991
99,0.06645233937766817,0.011197457769678698,0.0046140799853536816,0.0036658687103125784,0.0009482112468944655,20.256321267022027,0.9029677823384603,0.953913091023763,0.9267293391757542,0.07066119082768758,0.01581153775503238,0.05747693228721619,0.005138734649866819,0.0006828371654264629,0.0004976416854187846,0.00018519547663163393,20.662144256591798,0.9160071182250976,0.9951392822265624,0.9527244262695312,0.07115445709228516,0.005821571815293282,0.9559258865356446
100,0.06637819904088973,0.011188469849526882,0.0045861113584703865,0.0036433138296835953,0.0009427975138856305,20.24144775051541,0.9026449885898167,0.9536334754096137,0.9264051200018989,0.07066119027137756,0.015774581207997268,0.05549049720168114,0.0049885338731110096,0.0006678680730983615,0.0005257199383340776,0.0001421481176512316,19.933638580322267,0.9346152572631836,0.9926972732543945,0.9617347335815429,0.07115445709228516,0.005656401946209371,0.9567746887207031
101,0.06619572171237734,0.011146386579506926,0.004526181094348431,0.003588217322404186,0.0009379637851379812,20.209262081570095,0.9033212644788954,0.9542607031928169,0.9270637266370986,0.07066118982103135,0.01567256767385536,0.05602032834291458,0.005141200836747885,0.0007479288345202804,0.0005799137894064187,0.00016801505186595024,20.05247985839844,0.9232289962768555,0.9931212387084961,0.9557014770507812,0.07115445709228516,0.005889129671268165,0.9562817306518555
102,0.06619257981247371,0.011182081529663669,0.004530244968003697,0.0035854117814451457,0.0009448331984587842,20.192101708306208,0.9038081813388401,0.9531010496351454,0.9267552914089626,0.07066119045681424,0.015712326497667364,0.05626214423775673,0.005216287352144718,0.0006681747175753117,0.000511083192192018,0.00015709152352064848,20.151073272705077,0.9287412033081055,0.9903417053222656,0.9574534072875976,0.07115445709228516,0.005884462069720029,0.9561344818115234
103,0.06592617868052589,0.01106755892601278,0.004466326827390326,0.0035335648970471487,0.0009327619002304144,20.156917875501843,0.9036576427883573,0.9542302305433485,0.9272614084879557,0.07066118971506755,0.015533885753403106,0.05697085678577423,0.005250794880092144,0.0006294562024995685,0.0004684455618262291,0.0001610106354346499,20.436242706298827,0.9268326416015625,0.9865122451782227,0.9546221923828125,0.07115445709228516,0.0058802510825917125,0.9564472473144532
104,0.065795365260707,0.011023681079347928,0.004437457142604722,0.0034987262899263036,0.0009387308505053321,20.133691243489583,0.9047652036878798,0.9554586418999566,0.9284126052856445,0.07066119048330519,0.01546113822195265,0.05586821779608726,0.005318765360862017,0.0006456959112547338,0.00046195939322933555,0.0001837365236133337,19.9615029296875,0.9415005950927734,0.983995361328125,0.9612811050415039,0.07115445709228516,0.005964461272116751,0.9581585830688477
105,0.06557707010375129,0.010927735129164324,0.004378607847624355,0.0034468139693554904,0.0009317938693695598,20.10829147169325,0.9045564439561632,0.9556149961683486,0.9283889706929525,0.07066118960910374,0.015306342976788678,0.05634383583068848,0.005946957733482122,0.0007084476724267005,0.0004931392250582576,0.00021530844178050757,19.875372619628905,0.9341881790161133,0.9752006225585937,0.95292041015625,0.07115445709228516,0.006655405405908823,0.9563957183837891
106,0.06540995339552562,0.010909830431143443,0.004379144492662615,0.003451924295268125,0.0009272201921169957,20.04839198642307,0.904915108150906,0.9551667128668891,0.9283857659233941,0.07066118982103135,0.015288974923806058,0.05493261808156967,0.00482497176527977,0.0006037468519061804,0.0004580727049615234,0.0001456741503207013,19.801560317993165,0.9326103515625,0.9915468673706055,0.9601163787841797,0.07115445709228516,0.005428718617185951,0.9572786987304687
107,0.06527422970533371,0.010876879381636778,0.004318210790968603,0.0033996385559439657,0.0009185722780724367,20.03165614657932,0.905402168697781,0.9555542335510254,0.9287916547987196,0.07066118929121229,0.015195090172605383,0.054822514146566394,0.004847753722220659,0.0005608834051527083,0.0004157984859775752,0.00014508492103777827,19.76555125427246,0.927040786743164,0.993906509399414,0.9582274551391602,0.07115445709228516,0.005408637127373367,0.9574335083007812
108,0.06519196909003788,0.01081882422665755,0.004305197636286418,0.0033728794790804386,0.0009323181654326617,20.02717943996853,0.90596465004815,0.9564385655721028,0.9295378761291504,0.07066118966208564,0.015124021862943968,0.05513422855734825,0.005036218829452992,0.0006015784172341228,0.00043659477401524784,0.00016498364019207657,19.79857325744629,0.9384025192260742,0.9856504745483399,0.9602363891601563,0.07115445709228516,0.005637797246687114,0.95855634765625
109,0.06504439278443655,0.010800204365617698,0.004247624951104323,0.0033267319361782737,0.0009208930198931032,19.998625868055555,0.9066325056287977,0.9560156631469726,0.9296573605007595,0.07066119082768758,0.015047829316722022,0.054088642597198484,0.004653483685106039,0.0005604197466745973,0.00041471329657360913,0.00014570645079948008,19.549896102905272,0.9350429458618164,0.9908373107910157,0.9610357666015625,0.07115445709228516,0.005213903431780636,0.9585072799682617
110,0.06485081812408236,0.01076179827335808,0.004246233003834883,0.0033369895321213538,0.0009092434706787268,19.93711523776584,0.9061423127916124,0.9565344585842557,0.9296928994920519,0.07066119072172376,0.015008031277192965,0.05496122434735298,0.0046299537010490895,0.0005035659987479448,0.00036547843622975054,0.00013808755879290402,19.931082275390626,0.927248191833496,0.9929522399902344,0.9578492279052735,0.07115445709228516,0.005133519699797034,0.9594930435180664
111,0.0646929908461041,0.01063727440767818,0.004184840471380287,0.0032794625750846335,0.0009053778926738434,19.94835085381402,0.9071921081542969,0.9574255599975586,0.9306568077935112,0.07066119003295898,0.014822114879058466,0.055940365493297575,0.005178815502673387,0.0005496089812368155,0.00038033452816307547,0.00016927446576301008,20.084776580810548,0.9267030029296875,0.9901992263793945,0.9560866470336914,0.07115445709228516,0.005728424483910203,0.9586870971679687
112,0.06471818186177147,0.010733349500430955,0.004200284657378992,0.003275721922930744,0.0009245627316542798,19.913819413926866,0.9064412078857422,0.9561526679992676,0.9296145930820041,0.07066119074821473,0.014933634157809947,0.055367561042308805,0.0051901625841856,0.0005163128776475787,0.00035684580774977804,0.00015946707059629262,19.864434875488282,0.9402055206298828,0.9828902053833007,0.9598071899414062,0.07115445709228516,0.005706475461833178,0.959003044128418
113,0.0644769712752766,0.010618122382296456,0.004137808612651295,0.0032293554997692504,0.0009084531134511862,19.888416566636828,0.9077172995673286,0.9578248901367188,0.9311316502888998,0.07066119016541375,0.01475593099494775,0.05381311273574829,0.004772046901285648,0.000552720105741173,0.00040106542967259886,0.0001516546797938645,19.395338607788087,0.9444642105102539,0.9893790130615234,0.9653875579833985,0.07115445709228516,0.005324767007026821,0.9600332778930664
114,0.06439862336052789,0.010615951818724474,0.0041038184571597315,0.003195756684574816,0.0009080617558211089,19.871541629367403,0.9072058368259006,0.9580220595465766,0.930950188530816,0.07066119045681424,0.014719770275884204,0.05592713075876236,0.005273108221590519,0.0005066837007179857,0.0003719395741354674,0.00013474412774667143,20.05893603515625,0.9294717254638671,0.9895259246826172,0.9574737854003906,0.07115445709228516,0.005779791922308504,0.9593208816528321
115,0.06427983520097202,0.010555216137733725,0.0040883747463425005,0.003192572664676441,0.0008958021064495874,19.854498050265843,0.9083056971232096,0.9580806766086154,0.9315629759894477,0.07066119045681424,0.014643590884076225,0.05499582329392433,0.005064862001687288,0.00042876306641846895,0.00030873280949890615,0.00012003026192542166,19.800880355834963,0.9250351638793946,0.9901166839599609,0.9554091110229492,0.07115445709228516,0.005493625068105757,0.9588328582763672
116,0.06415964731242922,0.010597987582286198,0.0040490668138696085,0.0031493986977471247,0.0008996681161224842,19.80503736199273,0.9075076124403212,0.9584429113599989,0.9312967787848578,0.07066118990050421,0.014647054396155806,0.05628669810295105,0.006186529122292996,0.0005912627861835063,0.00038947371067479255,0.00020178906770888715,19.803562576293945,0.9403580017089844,0.9710140151977539,0.9541045227050782,0.07115445709228516,0.006777791908476502,0.9584364334106447
117,0.06405924170547062,0.010565612121588654,0.004025406871818834,0.0031349799442622396,0.0008904269038078685,19.78728968302409,0.9068641323513454,0.9587777909172905,0.9310944260491265,0.07066119066874187,0.014591018993407489,0.054478445678949355,0.004715102333575487,0.0005065060025081039,0.00035610754741355777,0.0001503984588198364,19.70273518371582,0.951619400024414,0.9819492874145508,0.9655853042602539,0.07115445709228516,0.005221608336083591,0.959592056274414
118,0.06372607593403923,0.01035969843218724,0.004009636920359399,0.0031198679008003737,0.0008897689914641281,19.74269669426812,0.9089004058837891,0.9595401543511285,0.9325938042534723,0.07066118958261278,0.014369335352546638,0.052948021233081816,0.004252620410174131,0.0005147190205752849,0.0003746103749144822,0.00014010864263400434,19.272273056030272,0.94282421875,0.9909404754638672,0.9653946990966797,0.07115445709228516,0.004767339430749416,0.9595934844970703
119,0.06358841473526425,0.010256170354783534,0.003965397977166706,0.003078522929093904,0.0008868750565581852,19.746738984849717,0.909328906165229,0.9599068603515625,0.9329809027777778,0.07066118966208564,0.01422156833195024,0.054065776228904724,0.004740444097667933,0.0004490004242397845,0.0002956534563563764,0.00015334696602076293,19.550533020019532,0.9321087951660156,0.9906303100585937,0.9592467575073242,0.07115445709228516,0.005189444521907717,0.959948078918457
120,0.06353008296754625,0.010318044695589277,0.003923203127458691,0.0030495532577236493,0.0008736498542647395,19.71553428310818,0.9090229466756184,0.9599035771687826,0.93282420179579,0.07066119035085042,0.014241247823047969,0.05441468781232834,0.0049386884830892085,0.0004479844938032329,0.0002967433971352875,0.00015124110190663486,19.611206146240235,0.9246140899658203,0.9957499160766602,0.9576199264526367,0.07115445709228516,0.005386672976892441,0.9603902420043946
121,0.0635187476211124,0.01031130677792761,0.003934309225529432,0.0030543514233496456,0.0008799578013519447,19.709253173828124,0.9089033601548937,0.9597424998813205,0.9326833224826389,0.07066119024488661,0.014245616003457043,0.05369058847427368,0.004382427081465721,0.0004682586151175201,0.0003362192010972649,0.00013203941215761007,19.53596176147461,0.9380711746215821,0.9923137435913086,0.9634349136352539,0.07115445709228516,0.004850685696583241,0.9622563201904297
122,0.06338106026914385,0.01030377802087201,0.0038996629669434493,0.0030261598121788767,0.0008735031600420674,19.671048043145074,0.9100542449951172,0.9602211558024089,0.9334938668145074,0.0706611901389228,0.014203440987815459,0.05366787120699883,0.004494409818202257,0.0004085161827970296,0.0002689618298318237,0.0001395543529652059,19.505978622436523,0.931035255432129,0.9951765975952148,0.9609732131958008,0.07115445709228516,0.004902926000999287,0.961333901977539
123,0.06319513795110915,0.010219334805177317,0.003849178990556134,0.002987934002445804,0.0008612449875411888,19.650650168524848,0.9103223978678385,0.9604522234598796,0.9337465040418836,0.07066119005944994,0.01406851379573345,0.05330561292171478,0.00445217065885663,0.0004144117180258036,0.00028708756784908475,0.00012732415262144058,19.375612609863282,0.9361724243164062,0.9947474212646484,0.9635566787719727,0.07115445709228516,0.004866582376882434,0.9609662979125977
124,0.06322717328866323,0.010293347693151898,0.00384435831134518,0.002984117878600955,0.0008602404252936442,19.635787509494357,0.9095076819525825,0.9598861308627659,0.9329949862162272,0.07066119016541375,0.014137706004497078,0.05379079741239548,0.004367201324552298,0.00041337005328387024,0.0002900048673618585,0.00012336518440861255,19.604090957641603,0.9439653778076171,0.9909962539672852,0.9660427017211914,0.07115445709228516,0.004780571377836168,0.9623254867553712
125,0.06304566585355335,0.01022816458178891,0.0038189008954084584,0.002939484962158733,0.0008794159415281481,19.599440519544814,0.9103459883795845,0.9610445878770616,0.9340776515536838,0.0706611908806695,0.01404706547719737,0.05285354739427567,0.004117637977004051,0.0004139501475729048,0.0002863855944015086,0.0001275645513087511,19.32878401184082,0.9450807113647461,0.991811264038086,0.9669411697387695,0.07115445709228516,0.004531588124576956,0.9641897354125977
126,0.06291136827071508,0.01016250469038884,0.003806413328482045,0.002944570747307605,0.0008618425793117947,19.576980551825628,0.9097128634982639,0.9618229111565484,0.9340583716498481,0.07066118997997708,0.013968918018870884,0.05341340216994286,0.004666739486157894,0.0004755387464538217,0.0002867529382929206,0.00018878581118769944,19.308450088500976,0.9389878311157227,0.9921189346313477,0.9637839736938476,0.07115445709228516,0.005142278232611716,0.9642595474243164
127,0.06276916599935956,0.010136990240050686,0.0037813337023059525,0.0029214958260870643,0.0008598378596620427,19.54033725145128,0.9099730656941731,0.9619478001064724,0.9342492811414931,0.07066119035085042,0.013918323942356639,0.05393139785528183,0.004264230940490961,0.0004239544668234885,0.0002769527763593942,0.00014700169197749346,19.697285568237305,0.9434335632324219,0.9921446990966797,0.9662375793457031,0.07115445709228516,0.00468818540731445,0.9653124206542969
128,0.06255210662550396,0.009973467081785202,0.003735899840378099,0.0028824377268966703,0.0008534621195867658,19.53709644741482,0.9100984416537815,0.9632009667290582,0.9349340582953559,0.07066118997997708,0.013709366922163301,0.05285714304447174,0.004285793747752905,0.00036581450910307464,0.0002506900983862579,0.00011512440699152649,19.28221467590332,0.9449151535034179,0.9902500381469727,0.9661328277587891,0.07115445709228516,0.00465160825685598,0.9658276504516602
129,0.06239363377624088,0.009935884582499664,0.0037165964626603657,0.0028775764792743656,0.0008390199921818243,19.49646145968967,0.9106148715549045,0.9633282174004448,0.9352991494072808,0.07066118992699517,0.01365248104516003,0.053007290959358216,0.004310610760003328,0.00039467037655413153,0.00026848255842924117,0.0001261878110235557,19.32080422973633,0.9411087951660156,0.992413200378418,0.9651380920410156,0.07115445709228516,0.004705281136557459,0.9656467285156249
130,0.06237739502721363,0.009978663979305162,0.0037180070051302514,0.0028707445609486766,0.0008472624505456123,19.472290033976236,0.9105928353203667,0.963069642384847,0.9351360143025716,0.0706611901389228,0.013696670984435413,0.05354070907831192,0.004558452744036913,0.00038788297260180116,0.0002653814689256251,0.0001225015055388212,19.437749679565428,0.9386910552978516,0.9913204116821289,0.9632369537353516,0.07115445709228516,0.004946335716638714,0.9649058853149415
131,0.06235238828923967,0.010000889043841096,0.003677027908464273,0.0028326069131079648,0.0008444209950976074,19.4697888929579,0.9103862813313802,0.962871721903483,0.9349248089260526,0.0706611901389228,0.013677916952305368,0.05293505302071572,0.004252046845853329,0.00042459925427101554,0.0002264850389910862,0.00019811421714257448,19.303363342285156,0.9376293563842774,0.9936047897338868,0.9638173980712891,0.07115445709228516,0.004676646100124344,0.9649125701904296
132,0.0620743514696757,0.00990084591590696,0.003652300215843651,0.002815801547633277,0.0008364986724013256,19.408482513427735,0.91114380730523,0.9637048933241102,0.9357793854607476,0.07066119072172376,0.01355314613175061,0.053245124369859696,0.004471456296741962,0.00039101929496973754,0.0002529518227092922,0.0001380674703978002,19.353059692382814,0.9294798507690429,0.9962772979736328,0.9605846939086914,0.07115445709228516,0.004862475591711699,0.9637819931030274
133,0.06208840098645952,0.009937374466823207,0.0036348346608380475,0.0028042800053954126,0.0008305546634106173,19.406477116902668,0.9111495598687066,0.9632777052985297,0.9355336464775933,0.0706611897415585,0.013572209127661255,0.053443274170160295,0.0044901794865727426,0.0004102250919677317,0.00026516332919709386,0.00014506176800932734,19.41714823913574,0.9317524261474609,0.9938000183105469,0.9605200958251953,0.07115445709228516,0.004900404578540474,0.9626594467163085
134,0.06193616372678015,0.009852069074908893,0.003591398322540853,0.00277487770985398,0.000816520627329333,19.39707906765408,0.9114734022352431,0.9641357951694065,0.9361461219787598,0.07066119061575996,0.013443467397449746,0.05236256724596024,0.004074702441692352,0.00042886734940111637,0.0002385438976343721,0.0001903234536293894,19.14359971618652,0.9460550384521484,0.9931147079467774,0.9681280822753906,0.07115445709228516,0.004503569791093468,0.9632574447631835
135,0.06184643064936002,0.009840086648033725,0.003613392959866259,0.0027827906120154594,0.0008306023558705217,19.35718081665039,0.9118736067877875,0.963727045694987,0.9361378428141276,0.0706611908806695,0.013453479607899985,0.05256050372123718,0.004233058027923107,0.0003382338103838265,0.00022579512058291585,0.00011243869259487838,19.195685073852538,0.9398837890625,0.9931236190795898,0.9647374572753906,0.07115445709228516,0.004571291838306933,0.9635575454711913
136,0.061883875575330524,0.009900235638022423,0.0035933015832884446,0.0027729555908590554,0.0008203459805808961,19.35613599480523,0.9116528248257108,0.9634457388983833,0.9359178246392144,0.07066118997997708,0.013493537221310869,0.05308826631307602,0.003939013164490461,0.0003461989578790963,0.00021247382066212595,0.00013372514431830496,19.521222106933592,0.9371092987060546,0.9961514663696289,0.9647200775146484,0.07115445709228516,0.004285212122369557,0.9637380813598633
137,0.06171012934048971,0.009722723741498258,0.0035504100746992563,0.002740809798654583,0.0008096002760446734,19.374798600938586,0.9126787202623156,0.9639268845452202,0.9367276908026801,0.07066119082768758,0.013273133816197514,0.0524558779001236,0.003906590055674315,0.0003802210590802133,0.0002156242267228663,0.0001645968338707462,19.267627212524413,0.947125602722168,0.9937890548706054,0.9690494842529297,0.07115445709228516,0.004286811114754528,0.9654310394287109
138,0.06157798434628381,0.009811761153240998,0.003529121186170313,0.002715378695064121,0.0008137424847938948,19.29484122890896,0.9129361250135634,0.9636941079033746,0.9366812227037218,0.0706611896885766,0.013340882339411312,0.05191322582960129,0.004142425123602152,0.0003596955565735698,0.00021840307943057268,0.00014129247376695275,18.964442474365235,0.9487240524291992,0.9922652282714843,0.9691039505004883,0.07115445709228516,0.004502120680175721,0.9671478103637694
139,0.06146269071764416,0.009787646451758013,0.003518491836885611,0.002722446093335748,0.0007960457366684245,19.262621305677627,0.9134179428948297,0.9640212749905056,0.9371385811699762,0.0706611901919047,0.013306138288643625,0.05250406211614609,0.004192949969321489,0.000342341368785128,0.00022506863414309918,0.00011727273277938367,19.187508987426757,0.9462457504272461,0.9907843551635742,0.967001220703125,0.07115445709228516,0.004535291338106617,0.9669224380493164
140,0.06140993718306224,0.009713318304883109,0.003499832596629858,0.0026877542512698306,0.0008120783544662926,19.278714940388998,0.91410705142551,0.9634034847683377,0.9371590737236871,0.07066118997997708,0.013213150901512967,0.05251858165860176,0.004192883163690567,0.0003913005392532796,0.00023090609489008785,0.00016039444250054658,19.173759384155275,0.9479066619873047,0.9927361450195312,0.9689509658813477,0.07115445709228516,0.004584183702943847,0.9677651397705078
141,0.06117947612868415,0.009618278247614702,0.003473097760230303,0.0026911991184784306,0.0007818986315073238,19.23524050394694,0.9145199924045139,0.9648274938795302,0.9381163431803385,0.07066118966208564,0.013091376007845004,0.052567987680435184,0.003996544737368822,0.0003210017948877066,0.00018830145488027484,0.00013270034187007695,19.300176971435548,0.9477755661010743,0.9918132400512696,0.9683888015747071,0.07115445709228516,0.004317546532256528,0.9684988845825195
142,0.06108946547905604,0.00958714675406615,0.0034431539090971153,0.0026550643559959198,0.0007880895450814731,19.223666280110677,0.914871575249566,0.9643941925896539,0.9380764605204265,0.0706611905362871,0.013030300663163265,0.05194796055555344,0.004082835618406534,0.000452958794310689,0.00023511733300983907,0.0002178414680529386,18.96486723327637,0.9599897155761719,0.9878084716796875,0.9729314804077148,0.07115445709228516,0.004535794412717223,0.9692752838134766
143,0.0610795211924447,0.009636817653146055,0.003422488098136253,0.0026374726007795998,0.0007850154871638451,19.208086468166776,0.915116010453966,0.9644855660332574,0.9382592002020942,0.07066118966208564,0.013059305751282307,0.05251762014627457,0.004375221244990826,0.0003522477652877569,0.00023232082440517843,0.00011992694425862282,19.11606101989746,0.9494039840698242,0.9884540481567383,0.9676140975952149,0.07115445709228516,0.0047274690102785824,0.968977313232422
144,0.06108364845646752,0.009677879713475704,0.003418988232397371,0.0026410085823800828,0.0007779796577783094,19.19471263970269,0.9155788739522298,0.9635672836303711,0.938052249484592,0.07066119061575996,0.013096867945873076,0.05232517084479332,0.0041894264481961725,0.00035025470657274127,0.00019847512466367333,0.00015177958039566875,19.114196563720704,0.9361162643432617,0.9950754928588867,0.9634980545043945,0.07115445709228516,0.004539681154768914,0.9682766799926759
145,0.060759199235174394,0.009547399140894412,0.0033885361692971654,0.0026097371394021643,0.0007787990370351407,19.129305994669597,0.915961058722602,0.9644628681606716,0.9387073627048068,0.07066119050979615,0.012935935310191578,0.05139331167936325,0.003979201503098011,0.0003359037283807993,0.00020036764827091247,0.00013553608348593115,18.831283157348633,0.9489935760498047,0.9919731750488281,0.9690808029174804,0.07115445709228516,0.004315105231478811,0.9683026473999023
146,0.06065752944019106,0.00944373746547434,0.0033654972432802122,0.002588827738745345,0.0007766694946007596,19.139318300035264,0.9172681130303277,0.9650568512810601,0.9396838807000054,0.0706611908806695,0.012809234708754553,0.05190172481536865,0.004315907958894968,0.00037020768225193025,0.0002039892856264487,0.0001662183947628364,18.88624378967285,0.9492636337280274,0.987704216003418,0.96728466796875,0.07115445709228516,0.004686115641146898,0.9680818206787108
147,0.060754132161537806,0.009578320736272468,0.003358838157107433,0.002591891866798202,0.0007669462828586499,19.126789543999568,0.9162035208808051,0.9642408701578776,0.9386872414482964,0.07066119061575996,0.0129371588933799,0.05178775256872177,0.004197545036673546,0.0003711916198953986,0.00020112056459765883,0.00017007105867378414,18.887607009887695,0.9500769424438477,0.9912448196411133,0.9694096755981445,0.07115445709228516,0.0045687366565689445,0.9673774597167968
148,0.060659175286690396,0.009570345684058136,0.0033445890452712774,0.0025740282610058783,0.0007705607779013614,19.097696585761177,0.9170568466186524,0.9644601999918619,0.9392391391330295,0.07066119077470567,0.012914934729329412,0.05173712915182114,0.0038971083275973796,0.00032278611650690437,0.00018949669180437923,0.00013328942249063403,19.006894119262697,0.9447513122558594,0.9946261749267579,0.9681129684448242,0.07115445709228516,0.004219894444104284,0.9674772338867188
149,0.06051530372434192,0.009504027302066485,0.003324583118160566,0.0025589807230151362,0.0007656024111331337,19.074677702162,0.9164750624762641,0.9648995641072591,0.9391650174458822,0.07066119035085042,0.01282861042022705,0.050827438443899156,0.0036916989833116532,0.0002835620150435716,0.0001792250524740666,0.00010433695884421468,18.740870895385743,0.9502302322387696,0.9941033172607422,0.9707633285522461,0.07115445709228516,0.0039752609983552244,0.968930288696289
150,0.06030842608213425,0.009406797857748138,0.003297298661950562,0.002544159816784991,0.0007531388314026926,19.041732259114582,0.9171567993164063,0.9657703306410048,0.9399443630642361,0.07066119043032329,0.012704096519698699,0.051700562298297885,0.004196237057447433,0.0003520251605659723,0.00019809941714629532,0.0001539257400436327,18.860920349121095,0.9420906066894531,0.9943244171142578,0.9665210342407227,0.07115445709228516,0.004548262218013406,0.9684183349609375
