x0,x1,x2,x3,x4,x5,x6,x7,x8,x9,x10,x11,x12,x13,x14,x15,x16,x17,x18,x19,x20,x21,x22,x23,x24,x25,x26,x27,x28,x29,f0,f1,run,seed
0.0,0.0,0.0,1.0,0.0,0.0,0.0,0.0,0.0,0.0,0.0,0.0,1.0,0.0,0.0,0.0,0.0,0.0,0.0,0.0,0.0,0.9682551072910428,0.5,0.5,0.30933613050729036,0.5,0.5,0.16164554748684168,0.5,0.5,-3.4584648694327664,20.888515737531115,18,2018
0.0,0.0,1.0,1.0,0.0,0.0,0.0,0.0,0.0,0.0,0.0,0.0,1.0,1.0,0.0,0.0,0.0,0.0,0.0,0.0,0.0,0.2528386227786541,0.5,0.5,0.888911965303123,0.5,0.5,0.8720800736919045,0.38711105193942785,0.5,-3.612822362545091,28.836110129786977,18,2018
0.0,0.0,2.0,1.0,0.0,0.0,0.0,0.0,0.0,0.0,0.0,0.0,1.0,1.0,1.0,0.0,0.0,0.0,0.0,0.0,0.0,0.23879196401685476,0.5,0.5,0.08693468198180199,0.5,0.5,0.49778721667826176,0.1545186433941126,0.1207780260592699,-3.688494629800219,25.059262623233867,18,2018
0.0,0.0,2.0,1.0,0.0,0.0,0.0,0.0,0.0,0.0,0.0,0.0,1.0,1.0,1.0,0.0,0.0,0.0,0.0,0.0,0.0,0.5401135366410017,0.5,0.5,0.7304422203451395,0.5,0.5,0.5363732669502497,0.7974708424881101,0.6360575957223773,-3.593105573591343,37.74412198027521,18,2018
1.0,0.0,0.0,1.0,1.0,0.0,0.0,0.0,0.0,0.0,0.0,0.0,1.0,0.0,0.0,0.0,0.0,0.0,0.0,0.0,0.0,0.6892924821004272,0.5,0.5,0.6235683793202043,0.7719319080933928,0.5,0.3458661111071706,0.5,0.5,-3.71605733778252,29.77406727228578,18,2018
1.0,0.0,1.0,1.0,1.0,0.0,0.0,0.0,0.0,0.0,0.0,0.0,1.0,1.0,0.0,0.0,0.0,0.0,0.0,0.0,0.0,0.02760135941207409,0.5,0.5,0.19966450240463018,0.17251808661967516,0.5,0.6823058100417256,0.938216676004231,0.5,-4.001474146470229,31.961563295711333,18,2018
0.0,1.0,0.0,1.0,1.0,0.0,0.0,0.0,0.0,0.0,0.0,0.0,1.0,1.0,0.0,0.0,0.0,0.0,0.0,0.0,0.0,0.4786921488121152,0.05523539148271084,0.5,0.7766697108745575,0.5,0.5,0.05672929249703884,0.5,0.5,-3.482662975564119,23.12577387287584,18,2018
1.0,0.0,2.0,1.0,1.0,0.0,0.0,0.0,0.0,0.0,0.0,0.0,1.0,1.0,1.0,0.0,0.0,0.0,0.0,0.0,0.0,0.8044133596122265,0.5,0.5,0.4157224055379629,0.5099743334576488,0.5,0.9712671097368002,0.3713425984606147,0.43139410577714443,-4.373446654666044,44.72776928967943,18,2018
0.0,1.0,1.0,1.0,1.0,0.0,0.0,0.0,0.0,0.0,0.0,0.0,0.0,1.0,1.0,0.0,0.0,0.0,0.0,0.0,0.0,0.8476272067055106,0.4398319199681282,0.5,0.1761036505922675,0.5,0.5,0.29190404899418354,0.0580162713304162,0.5,-3.841271399851353,29.03961182109286,18,2018
0.0,1.0,2.0,1.0,1.0,0.0,0.0,0.0,0.0,0.0,0.0,0.0,1.0,0.0,1.0,1.0,1.0,1.0,0.0,0.0,0.0,0.43596658669412136,0.9565093899145722,0.5,0.5065038139000535,0.5,0.5,0.7367401588708162,0.8962957691401243,0.614751722663641,-3.7006121968545815,49.7605883314071,18,2018
2.0,0.0,0.0,1.0,1.0,1.0,0.0,0.0,0.0,0.0,0.0,0.0,1.0,0.0,0.0,0.0,0.0,0.0,0.0,0.0,0.0,0.07032692153006792,0.5,0.5,0.4546641167253256,0.9393260776996613,0.8150035599246621,0.1121421242132783,0.5,0.5,-3.6068887226555035,34.46143640262083,18,2018
2.0,0.0,1.0,1.0,1.0,1.0,0.0,0.0,0.0,0.0,0.0,0.0,1.0,1.0,0.0,0.0,0.0,0.0,0.0,0.0,0.0,0.646078635007143,0.5,0.5,0.8471034169197083,0.10059916414320469,0.22274867538362741,0.9163265908136964,0.29023901000618935,0.5,-4.233108361363009,41.68402436188741,18,2018
2.0,0.0,2.0,1.0,1.0,1.0,0.0,0.0,0.0,0.0,0.0,0.0,1.0,1.0,1.0,0.0,0.0,0.0,0.0,0.0,0.0,0.6223898800089955,0.5,0.5,0.9903513519093394,0.2360594253987074,0.31434642616659403,0.23170551471412182,0.6169036580249667,0.9292722567915916,-4.216676156389071,51.123415937195205,18,2018
2.0,0.0,2.0,1.0,1.0,1.0,0.0,0.0,0.0,0.0,0.0,0.0,1.0,1.0,1.0,0.0,0.0,0.0,0.0,0.0,0.0,0.15700389817357063,0.5,0.5,0.3172713266685605,0.8353435136377811,0.725999684073031,0.802493391558528,0.46198855713009834,0.31975065264850855,-4.022170601278161,49.449634322590924,18,2018
0.0,2.0,1.0,1.0,1.0,1.0,0.0,0.0,0.0,0.0,0.0,0.0,0.0,1.0,0.0,1.0,0.0,1.0,0.0,0.0,0.0,0.33462668862193823,0.2688304502516985,0.10158911906182766,0.6443836931139231,0.5,0.5,0.427222047932446,0.19854526314884424,0.5,-3.7067061838292674,33.482862290997886,18,2018
0.0,2.0,1.0,1.0,1.0,1.0,0.0,0.0,0.0,0.0,0.0,0.0,1.0,0.0,1.0,1.0,1.0,1.0,0.0,0.0,0.0,0.885978763923049,0.7523048548027873,0.7467129966244102,0.032368626445531845,0.5,0.5,0.6074116872623563,0.8495231252163649,0.5,-4.032302728339149,48.79532948161736,18,2018
1.0,1.0,0.0,1.0,1.0,1.0,0.0,0.0,0.0,0.0,0.0,0.0,1.0,1.0,0.0,0.0,0.0,0.0,0.0,0.0,0.0,0.9137902343645692,0.28298589773476124,0.5,0.8042429247871041,0.9119128864258528,0.5,0.8185017788782716,0.5,0.5,-4.080717476383622,42.61360081570499,18,2018
1.0,1.0,0.0,1.0,0.0,0.0,1.0,0.0,0.0,0.0,0.0,0.0,1.0,1.0,0.0,0.0,0.0,0.0,0.0,0.0,0.0,0.36931902170181274,0.7976815728470683,0.5,0.38033714052289724,0.0029972828924655914,0.5,0.1549137020483613,0.5,0.5,-3.830814999744518,28.638335772936244,18,2018
1.0,1.0,1.0,0.0,1.0,1.0,0.0,0.0,0.0,0.0,0.0,0.0,1.0,1.0,1.0,0.0,0.0,0.0,0.0,0.0,0.0,0.13697441946715117,0.0986356120556593,0.5,0.5803701654076576,0.28058765828609467,0.5,0.529391573742032,0.5817580483853817,0.5,-6.899587060919421,36.0320815038047,18,2018
1.0,1.0,2.0,1.0,0.0,0.0,1.0,0.0,0.0,0.0,0.0,0.0,1.0,0.0,1.0,1.0,1.0,0.0,0.0,0.0,0.0,0.5799155402928591,0.6133604934439063,0.5,0.21942476741969585,0.681211868301034,0.5,0.4439552593976259,0.4971864400431514,0.787445074878633,-7.0760086481594735,48.76293236177722,18,2018
2.0,1.0,0.0,1.0,1.0,1.0,1.0,1.0,1.0,0.0,0.0,0.0,1.0,1.0,0.0,0.0,0.0,0.0,0.0,0.0,0.0,0.6807366563007236,0.1759481020271778,0.5,0.11499543208628893,0.5461020898073912,0.6010792413726449,0.6265011476352811,0.5,0.5,-3.9556373753428575,42.29258837427882,18,2018
1.0,2.0,0.0,0.0,1.0,1.0,1.0,1.0,1.0,0.0,0.0,0.0,1.0,1.0,1.0,0.0,0.0,0.0,0.0,0.0,0.0,0.09816508181393147,0.66137604881078,0.4278085818514228,0.6945693595334888,0.38467656448483467,0.5,0.336965118534863,0.5,0.5,-3.8579809060327492,39.90779016285586,18,2018
2.0,1.0,1.0,1.0,0.0,1.0,1.0,1.0,1.0,0.0,0.0,0.0,0.0,1.0,1.0,0.0,0.0,0.0,0.0,0.0,0.0,0.3934655571356416,0.48527539521455765,0.5,0.2656503804028034,0.14616107940673828,0.19073783792555332,0.9626007657498121,0.030660277232527733,0.5,-7.522978146164569,41.80701352127355,18,2018
2.0,1.0,2.0,0.0,1.0,0.0,1.0,1.0,1.0,0.0,0.0,0.0,1.0,1.0,1.0,1.0,0.0,1.0,0.0,0.0,0.0,0.8276320397853851,0.970674374140799,0.5,0.9091598261147738,0.8002568129450083,0.8494595009833574,0.0011630933731794357,0.9235972249880433,0.020224789157509804,-8.296700949062068,66.91345222262188,18,2018
1.0,2.0,1.0,0.0,1.0,1.0,1.0,1.0,1.0,0.0,0.0,0.0,0.0,1.0,0.0,1.0,1.0,1.0,0.0,0.0,0.0,0.7766056982800364,0.009769028052687645,0.6482927678152919,0.686635653488338,0.06445556040853262,0.5,0.6965783927589655,0.7411303138360381,0.5,-7.4034249997544945,51.29726702413335,18,2018
1.0,2.0,2.0,1.0,0.0,0.0,1.0,1.0,1.0,0.0,0.0,0.0,1.0,0.0,1.0,1.0,0.0,0.0,0.0,1.0,1.0,0.44400362111628056,0.5264457827433944,0.0034127477556467056,0.013553720898926258,0.9735008301213384,0.5,0.26739213801920414,0.33623047918081284,0.9614709466695786,-7.962836447789265,52.63296086139859,18,2018
2.0,2.0,0.0,0.0,1.0,1.0,1.0,1.0,1.0,1.0,0.0,1.0,1.0,1.0,1.0,0.0,0.0,0.0,0.0,0.0,0.0,0.047627017833292484,0.3269322160631418,0.8599624773487449,0.9637243915349245,0.7427921527996659,0.2711056051775813,0.8920531133189797,0.5,0.5,-4.152278517357271,55.65887086121499,18,2018
2.0,2.0,0.0,1.0,0.0,1.0,1.0,0.0,0.0,0.0,1.0,0.0,1.0,1.0,1.0,0.0,0.0,0.0,0.0,0.0,0.0,0.7317629978060722,0.8435790492221713,0.4728953596204519,0.3517112322151661,0.3420534757897258,0.6748839123174548,0.07221497688442469,0.5,0.5,-3.8254212348402405,48.44031061200751,18,2018
2.0,2.0,1.0,1.0,0.0,1.0,1.0,1.0,0.0,1.0,1.0,0.0,1.0,1.0,1.0,0.0,1.0,1.0,0.0,0.0,0.0,0.5054516950622201,0.40617500245571136,0.12636630609631538,0.4974031960591674,0.4462651675567031,0.7723731053993106,0.7645531948655844,0.18185360450297594,0.5,-7.871480503883379,55.52968555414562,18,2018
2.0,2.0,2.0,0.0,1.0,0.0,0.0,1.0,1.0,1.0,1.0,1.0,1.0,0.0,1.0,1.0,0.0,0.0,0.0,1.0,0.0,0.21094997972249985,0.8896185318008065,0.5212498577311635,0.8278014520183206,0.6075610192492604,0.1722432402893901,0.20936558209359646,0.7700873035937548,0.22890510875731707,-10.612608232397822,63.14913931778156,18,2018
2.0,2.0,2.0,1.0,1.0,1.0,1.0,1.0,0.0,1.0,0.0,0.0,1.0,1.0,1.0,1.0,0.0,0.0,1.0,0.0,0.0,0.004292951227437917,0.0013873556958443395,0.35272796620218644,0.01562907186701398,0.010331979916056649,0.003019419011532861,0.023581806124514625,0.2576545932585628,0.23618914656242318,-7.823991270865819,43.64949770673101,18,2018
2.0,2.0,2.0,1.0,1.0,1.0,1.0,0.0,0.0,1.0,0.0,1.0,1.0,1.0,1.0,1.0,0.0,0.0,1.0,0.0,0.0,0.5682095283396343,0.26374803296052657,0.21612426388422154,0.05686115747073918,0.556023607721362,0.015369301315131645,0.10199795633970714,0.5379847917764452,0.24221939926438793,-8.008865438316796,51.63668081630859,18,2018
2.0,2.0,2.0,1.0,1.0,1.0,1.0,1.0,0.0,0.0,0.0,1.0,1.0,1.0,1.0,1.0,0.0,0.0,1.0,0.0,0.0,0.006468672858585074,0.0002402549962596751,0.4444763393102897,8.673617379884035e-19,0.02351384463928549,0.012230630861453668,0.0,0.25655832641319026,0.22972459888990787,-7.823935701845709,44.015372228426855,18,2018
2.0,2.0,2.0,1.0,1.0,1.0,1.0,0.0,0.0,1.0,0.0,1.0,1.0,1.0,1.0,0.0,1.0,0.0,1.0,0.0,0.0,0.36919181443073945,0.4659152934908745,0.10329199388938765,0.068728889660822,0.5065751177898252,0.013224698673834677,0.01640036789893696,0.251776117669759,0.23425789668657568,-10.821818143669953,48.59412077814948,18,2018
2.0,2.0,2.0,1.0,1.0,1.0,0.0,1.0,0.0,1.0,0.0,1.0,1.0,1.0,1.0,1.0,0.0,0.0,1.0,0.0,0.0,0.00531568439731784,0.1656608695043831,0.32540598928378467,0.00381312664763202,0.0026072576348064617,0.011258742131748945,0.04941164415527238,0.24371025523315926,0.2711552217670291,-7.824602756811512,43.92526335174912,18,2018
2.0,2.0,2.0,1.0,1.0,1.0,1.0,1.0,0.0,0.0,0.0,1.0,1.0,1.0,1.0,1.0,0.0,0.0,1.0,0.0,0.0,0.007770052000744598,0.0,0.4062837227648641,0.003980066121978985,1.734723475976807e-18,0.001028549105548563,0.012695239793055035,0.23713669498009007,0.26808443037081386,-7.824043235072005,43.793437741871315,18,2018
2.0,2.0,2.0,1.0,1.0,1.0,1.0,1.0,0.0,0.0,0.0,1.0,1.0,1.0,1.0,1.0,0.0,0.0,1.0,0.0,0.0,0.003372189850905776,0.42931962152835024,0.5521027600561664,0.002498043093385487,0.0011815944831146767,0.006946678163803762,0.05365214871496665,0.2538125266049785,0.25183314547934593,-7.8246727614398335,46.34355398652448,18,2018
2.0,2.0,2.0,1.0,1.0,1.0,1.0,1.0,0.0,0.0,0.0,1.0,1.0,1.0,1.0,1.0,0.0,0.0,1.0,0.0,0.0,0.011844360010463567,0.4675322219490037,0.5733976992751018,0.019818391438532663,0.007023974073320059,0.01744903160623366,0.01726415691445433,0.3210161561085774,0.33298995678016013,-7.824308053013131,47.62595112423794,18,2018
2.0,2.0,2.0,1.0,1.0,1.0,1.0,1.0,0.0,0.0,0.0,1.0,1.0,1.0,1.0,1.0,0.0,0.0,1.0,0.0,0.0,0.2795000856326193,0.008673294159558555,0.2425855641055392,0.03484728569168823,0.010719200797170909,0.0149920467144905,0.053776593469437826,0.24413813879947643,0.2704779630738858,-7.879208574719645,44.23301032996525,18,2018
2.0,2.0,2.0,1.0,1.0,1.0,1.0,1.0,0.0,0.0,0.0,1.0,1.0,1.0,1.0,1.0,0.0,0.0,1.0,0.0,0.0,0.4059285922361192,0.006187059136653379,0.21657375914457372,0.05772559673288368,0.02250632307741777,0.16520722301776974,0.060251060902970076,0.2580818907614498,0.2781482393271959,-7.925407950754174,46.03356546683711,18,2018
1.0,1.0,2.0,1.0,1.0,1.0,0.0,0.0,0.0,0.0,0.0,0.0,1.0,0.0,0.0,1.0,1.0,0.0,0.0,0.0,0.0,0.0031820390013413114,0.2919191098658111,0.5,0.000906394858017352,0.011106000544337009,0.5,0.0003003781000155236,0.45279701318121,0.30783526773513886,-7.440298699536127,33.23425857105168,18,2018
1.0,1.0,2.0,1.0,1.0,1.0,0.0,0.0,0.0,0.0,0.0,0.0,1.0,0.0,0.0,1.0,1.0,0.0,0.0,0.0,0.0,0.00236359565214769,0.2927109725008127,0.5,0.0006139425285820944,0.01484235870969557,0.5,0.00011073940610732017,0.44753723319906924,0.30646379497352483,-7.438538388413704,33.21720551294932,18,2018
1.0,1.0,1.0,1.0,1.0,1.0,0.0,0.0,0.0,0.0,0.0,0.0,1.0,0.0,0.0,1.0,0.0,0.0,0.0,0.0,0.0,0.0038611627902127433,0.17800661721610825,0.5,0.01225537870762375,0.02795647780069151,0.5,0.21799179024033655,0.21115117434132494,0.5,-7.060083993874091,27.038037776995562,18,2018
1.0,1.0,1.0,1.0,1.0,1.0,0.0,0.0,0.0,0.0,0.0,0.0,1.0,0.0,0.0,1.0,0.0,0.0,0.0,0.0,0.0,0.0024640477687504518,0.23674224452195244,0.5,0.030255775145893997,0.015084037968284336,0.5,0.018550500127524388,0.3719148201341717,0.5,-7.057687906454748,27.00720153336414,18,2018
1.0,1.0,1.0,1.0,1.0,1.0,0.0,0.0,0.0,0.0,0.0,0.0,1.0,0.0,0.0,1.0,0.0,0.0,0.0,0.0,0.0,0.006360832782326428,0.023295654021656113,0.5,0.010234234029502404,0.007781149803063511,0.5,0.005852341753577189,0.27538962193865996,0.5,-7.054305851071025,25.799626118978686,18,2018
1.0,1.0,1.0,1.0,1.0,1.0,0.0,0.0,0.0,0.0,0.0,0.0,1.0,0.0,0.0,1.0,0.0,0.0,0.0,0.0,0.0,0.005378064236453313,4.1500159613666655e-17,0.5,9.408200107093706e-19,0.02711172155639491,0.5,2.9509397577531793e-18,0.24770806330739797,0.5,-7.0562534654916735,25.649121174207277,18,2018
1.0,1.0,1.0,1.0,1.0,1.0,0.0,0.0,0.0,0.0,0.0,0.0,1.0,0.0,0.0,1.0,0.0,0.0,0.0,0.0,0.0,0.00043569146730693754,0.019421336639876347,0.5,0.00023910773424343896,0.00893978139408095,0.5,0.21296770779497481,0.22214331118856945,0.5,-7.065187305626833,26.66838109567875,18,2018
1.0,1.0,1.0,1.0,1.0,1.0,0.0,0.0,0.0,0.0,0.0,0.0,1.0,0.0,0.0,1.0,0.0,0.0,0.0,0.0,0.0,0.0071585270050604334,0.23826149756849896,0.5,0.09908308667001825,0.027730990183487507,0.5,7.352245982167327e-19,0.381414829008446,0.5,-7.013423243311713,27.447111935298974,18,2018
1.0,1.0,1.0,1.0,1.0,1.0,0.0,0.0,0.0,0.0,0.0,0.0,1.0,0.0,0.0,1.0,0.0,0.0,0.0,0.0,0.0,0.0014571614435864159,0.2601106976945144,0.5,2.6505730748382914e-17,0.028179948780726417,0.5,0.0007540095847172513,0.2348787492095622,0.5,-7.068555817441518,26.056494134072235,18,2018
1.0,2.0,2.0,1.0,1.0,0.0,1.0,1.0,0.0,0.0,0.0,0.0,1.0,1.0,0.0,1.0,1.0,1.0,1.0,0.0,1.0,0.3330323426052928,0.46798619348555803,0.5590341072529554,0.48692834191024303,0.925264404155314,0.5,0.5009343326091766,0.6804628502577543,0.07437969092279673,-7.545003810522144,56.504902980236366,18,2018
0.0,0.0,0.0,1.0,0.0,0.0,0.0,0.0,0.0,0.0,0.0,0.0,1.0,0.0,0.0,0.0,0.0,0.0,0.0,0.0,0.0,0.06443029112062583,0.5,0.5,0.0,0.5,0.5,6.716092578786947e-18,0.5,0.5,-3.4845802880451817,11.52905883689722,18,2018
0.0,0.0,0.0,1.0,0.0,0.0,0.0,0.0,0.0,0.0,0.0,0.0,1.0,0.0,0.0,0.0,0.0,0.0,0.0,0.0,0.0,0.0,0.5,0.5,0.0,0.5,0.5,1.5612511283791264e-17,0.5,0.5,-3.482849974437949,11.5,18,2018
0.0,0.0,0.0,1.0,0.0,0.0,0.0,0.0,0.0,0.0,0.0,0.0,1.0,0.0,0.0,0.0,0.0,0.0,0.0,0.0,0.0,0.16112902275720392,0.5,0.5,0.0,0.5,0.5,4.553523956394197e-18,0.5,0.5,-3.489733687883167,11.681737933822841,18,2018
0.0,0.0,0.0,1.0,0.0,0.0,0.0,0.0,0.0,0.0,0.0,0.0,1.0,0.0,0.0,0.0,0.0,0.0,0.0,0.0,0.0,0.1096974860824256,0.5,0.5,0.008949886786331355,0.5,0.5,0.0,0.5,0.5,-3.481533093477423,11.637934089887615,18,2018
0.0,0.0,0.0,1.0,0.0,0.0,0.0,0.0,0.0,0.0,0.0,0.0,1.0,0.0,0.0,0.0,0.0,0.0,0.0,0.0,0.0,0.05345854372800177,0.5,0.5,0.0,0.5,0.5,0.0,0.5,0.5,-3.4841570595788243,11.520004711282631,18,2018
0.0,0.0,0.0,1.0,0.0,0.0,0.0,0.0,0.0,0.0,0.0,0.0,1.0,0.0,0.0,0.0,0.0,0.0,0.0,0.0,0.0,0.1432735801715959,0.5,0.5,0.00028740425096856223,0.5,0.5,0.0004235428703656544,0.5,0.5,-3.4884453239398643,11.647956914154312,18,2018
0.0,0.0,0.0,1.0,0.0,0.0,0.0,0.0,0.0,0.0,0.0,0.0,1.0,0.0,0.0,0.0,0.0,0.0,0.0,0.0,0.0,0.12170783037393174,0.5,0.5,0.013978358131865001,0.5,0.5,0.0,0.5,0.5,-3.4793330035624117,11.687559720611498,18,2018
0.0,0.0,0.0,1.0,0.0,0.0,0.0,0.0,0.0,0.0,0.0,0.0,1.0,0.0,0.0,0.0,0.0,0.0,0.0,0.0,0.0,0.15535323193543527,0.5,0.5,0.0033515560190824746,0.5,0.5,0.0005934488478606977,0.5,0.5,-3.487398860852513,11.692612415911157,18,2018
0.0,0.0,0.0,1.0,0.0,0.0,0.0,0.0,0.0,0.0,0.0,0.0,1.0,0.0,0.0,0.0,0.0,0.0,0.0,0.0,0.0,0.09284056378099144,0.5,0.5,4.431725110003804e-18,0.5,0.5,0.0010704027909303727,0.5,0.5,-3.485847420079184,11.566758008727788,18,2018
2.0,2.0,1.0,1.0,1.0,0.0,0.0,0.0,1.0,1.0,1.0,1.0,1.0,1.0,0.0,0.0,1.0,1.0,0.0,0.0,0.0,0.3237569220364094,0.035826025530695915,0.8661205479875207,0.0781271755695343,0.9040329465642571,0.30460673198103905,0.6498824385926127,0.3533236142247915,0.5,-7.828931571862166,55.23370540781954,18,2018
1.0,0.0,0.0,1.0,1.0,0.0,0.0,0.0,0.0,0.0,0.0,0.0,1.0,0.0,0.0,0.0,0.0,0.0,0.0,0.0,0.0,0.001254152351780074,0.5,0.5,0.3800912003891552,0.011046423071434424,0.5,0.8255735163734041,0.5,0.5,-3.740294118693127,23.300277849290815,18,2018
1.0,0.0,0.0,1.0,1.0,0.0,0.0,0.0,0.0,0.0,0.0,0.0,1.0,0.0,0.0,0.0,0.0,0.0,0.0,0.0,0.0,0.00017157747465697615,0.5,0.5,0.37635522378155445,0.012296067364375123,0.5,0.8260679458674837,0.5,0.5,-3.7404809735690767,23.28831562815229,18,2018
1.0,0.0,0.0,1.0,1.0,0.0,0.0,0.0,0.0,0.0,0.0,0.0,1.0,0.0,0.0,0.0,0.0,0.0,0.0,0.0,0.0,0.00042600166518230243,0.5,0.5,0.30304374810239953,0.011836525305326473,0.5,0.8598503856239308,0.5,0.5,-3.754309218092472,23.04838522453187,18,2018
1.0,0.0,0.0,1.0,1.0,0.0,0.0,0.0,0.0,0.0,0.0,0.0,1.0,0.0,0.0,0.0,0.0,0.0,0.0,0.0,0.0,2.573186643199542e-16,0.5,0.5,0.3644383016218515,0.003914084654180769,0.5,0.8341284587374239,0.5,0.5,-3.7436913521789124,23.21488507008074,18,2018
2.0,2.0,1.0,1.0,0.0,0.0,0.0,1.0,0.0,1.0,0.0,1.0,1.0,1.0,0.0,1.0,0.0,1.0,0.0,0.0,0.0,0.30462856963276863,0.6191390147432685,0.6586028421297669,0.21402468997985125,0.9453640729188919,0.5705963335931301,0.11855742894113064,0.9702493185177445,0.5,-8.079932287496153,56.78197678443074,18,2018
2.0,2.0,2.0,0.0,0.0,1.0,0.0,1.0,1.0,1.0,0.0,1.0,1.0,1.0,1.0,1.0,0.0,0.0,0.0,1.0,1.0,0.7290893206372857,0.40913267992436886,0.6898180386051536,0.0034221485257148743,0.8921705847606063,0.15354508720338345,0.7388494536280632,0.11996819637715816,0.07553265802562237,-11.031915108964668,59.624596766564764,18,2018
2.0,2.0,2.0,1.0,1.0,1.0,1.0,1.0,0.0,1.0,0.0,1.0,0.0,1.0,0.0,1.0,1.0,0.0,1.0,0.0,1.0,0.2914724135771394,0.012119673192501068,0.9649939239025116,0.3512795642018318,0.46155568677932024,0.6856946051120758,0.9514362998306751,0.8378245402127504,0.9608366582542658,-11.07393074229102,73.10597841901031,18,2018
2.0,2.0,2.0,1.0,1.0,1.0,1.0,0.0,0.0,0.0,1.0,1.0,1.0,0.0,0.0,0.0,0.0,1.0,1.0,1.0,0.0,0.07576877437531948,0.5906146327033639,0.2440945729613304,0.6361240176483989,0.13400502689182758,0.8022854924201965,0.3043261971324682,0.5134718287736177,0.5307639520615339,-10.79008411525345,58.92490007414815,18,2018
1.0,2.0,2.0,0.0,1.0,1.0,1.0,0.0,1.0,0.0,0.0,0.0,0.0,1.0,0.0,0.0,1.0,0.0,1.0,1.0,1.0,0.583134988322854,0.5204953011125326,0.04321013856679201,0.030875880271196365,0.7217366574332118,0.5,0.17804668471217155,0.7989143515005708,0.1663936860859394,-7.389139720142102,49.665605784148916,18,2018
2.0,2.0,2.0,1.0,0.0,0.0,1.0,1.0,1.0,0.0,1.0,1.0,1.0,0.0,1.0,0.0,1.0,1.0,0.0,0.0,1.0,0.888151390478015,0.9866357138380408,0.47611658927053213,0.9837067751213908,0.687559999525547,0.2720566149801016,0.0131260696798563,0.2958901431411505,0.3801171127706766,-10.973617343922415,69.2173898069637,18,2018
2.0,2.0,2.0,1.0,1.0,1.0,1.0,0.0,0.0,1.0,0.0,0.0,1.0,1.0,1.0,0.0,1.0,1.0,1.0,0.0,0.0,0.7273723624946488,1.0,0.279068104717834,0.9999999999999999,0.9999999999999999,0.019171550223694902,0.6784043263426489,0.4397066975263614,0.837344197925089,-8.221966575321499,74.59640755764971,18,2018
1.0,0.0,1.0,1.0,1.0,0.0,0.0,0.0,0.0,0.0,0.0,0.0,1.0,1.0,0.0,0.0,0.0,0.0,0.0,0.0,0.0,0.09631450762533936,0.5,0.5,0.04175778189659301,0.039854074700746936,0.5,9.156387583698897e-06,0.23864264048766737,0.5,-4.010373786655724,21.98651731148933,18,2018
1.0,0.0,1.0,1.0,1.0,0.0,0.0,0.0,0.0,0.0,0.0,0.0,1.0,1.0,0.0,0.0,0.0,0.0,0.0,0.0,0.0,0.10018869250412114,0.5,0.5,0.03894394619039099,0.050472848027264074,0.5,9.930391598469358e-05,0.446266972420092,0.5,-4.0110305974432405,23.28496284206219,18,2018
1.0,0.0,1.0,1.0,1.0,0.0,0.0,0.0,0.0,0.0,0.0,0.0,1.0,1.0,0.0,0.0,0.0,0.0,0.0,0.0,0.0,0.09701577716481534,0.5,0.5,0.04185491397816443,0.03993720177623965,0.5,0.00024506353598790283,0.21943966570050752,0.5,-4.010489558633678,21.874745497077647,18,2018
1.0,0.0,1.0,1.0,1.0,0.0,0.0,0.0,0.0,0.0,0.0,0.0,1.0,1.0,0.0,0.0,0.0,0.0,0.0,0.0,0.0,0.09658567666448394,0.5,0.5,0.04114434562457448,0.042386659871012464,0.5,9.434226267290793e-05,0.22743111817806114,0.5,-4.010418054703942,21.93164034617508,18,2018
1.0,0.0,1.0,1.0,1.0,0.0,0.0,0.0,0.0,0.0,0.0,0.0,1.0,1.0,0.0,0.0,0.0,0.0,0.0,0.0,0.0,0.09724524091282605,0.5,0.5,0.04024539580444182,0.040285705558034075,0.5,9.920574977431177e-05,0.20721737988099642,0.5,-4.010527612223976,21.793282580120835,18,2018
1.0,0.0,1.0,1.0,1.0,0.0,0.0,0.0,0.0,0.0,0.0,0.0,1.0,1.0,0.0,0.0,0.0,0.0,0.0,0.0,0.0,0.09778777601417575,0.5,0.5,0.0425927154702349,0.03956417223316782,0.5,0.0001686863015429084,0.44742217892347247,0.5,-4.010628297530677,23.2454236615351,18,2018
1.0,0.0,1.0,1.0,1.0,0.0,0.0,0.0,0.0,0.0,0.0,0.0,1.0,1.0,0.0,0.0,0.0,0.0,0.0,0.0,0.0,0.09549090656689956,0.5,0.5,0.042984111188810556,0.054317125392982876,0.5,7.214864037030899e-05,0.244165117481667,0.5,-4.010235123942415,22.113060608881764,18,2018
2.0,2.0,2.0,1.0,1.0,1.0,1.0,0.0,0.0,1.0,0.0,0.0,1.0,1.0,1.0,0.0,1.0,1.0,1.0,0.0,0.0,0.6769760081279765,0.820247103520861,0.4412591974907217,1.0,0.9770838153101616,0.012464941564345076,0.6004492836509973,0.491577406168697,0.9979310991898368,-8.18039343715553,73.25771981580209,18,2018
1.0,0.0,1.0,1.0,1.0,0.0,0.0,0.0,0.0,0.0,0.0,0.0,1.0,1.0,0.0,0.0,0.0,0.0,0.0,0.0,0.0,0.09974895359009446,0.5,0.5,0.04875125971290664,0.05027192571437711,0.5,9.855114145184939e-05,0.23607143328793898,0.5,-4.010944963587735,22.08080799533628,18,2018
2.0,2.0,1.0,0.0,1.0,1.0,1.0,1.0,0.0,1.0,1.0,0.0,1.0,1.0,0.0,0.0,0.0,1.0,0.0,0.0,0.0,0.041358521743569854,0.6017232685045873,0.49127058989339456,0.021964042968441008,0.04923890734629596,0.010692962994078995,0.03909438975230002,0.4002134952213508,0.5,-7.50952697512888,41.86312027141882,18,2018
2.0,2.0,1.0,0.0,1.0,1.0,1.0,1.0,0.0,1.0,1.0,0.0,1.0,1.0,0.0,0.0,0.0,1.0,0.0,0.0,0.0,0.0590316330777091,0.5572677056091965,0.5247329237167702,0.004979138016277149,0.07587510295342333,0.008360345266065675,0.0458506560399551,0.42666289603748064,0.5,-7.520444011742558,41.996005524436974,18,2018
2.0,2.0,1.0,0.0,1.0,1.0,1.0,1.0,0.0,1.0,1.0,0.0,1.0,1.0,0.0,0.0,0.0,1.0,0.0,0.0,0.0,0.047388792875718524,0.5891266953412736,0.4968301008808547,0.026185201903997212,0.04539617359867708,0.01553413220005453,0.03620014754854953,0.39267042853298223,0.5,-7.5091914519744805,41.76900927267216,18,2018
2.0,2.0,1.0,0.0,1.0,1.0,1.0,1.0,0.0,1.0,1.0,0.0,1.0,1.0,0.0,0.0,0.0,1.0,0.0,0.0,0.0,0.05484492859841521,0.5325154259398107,0.5114122354439962,0.0209602188610662,0.045555280990629755,0.010215968367753655,0.03785224805005318,0.38952789362275814,0.5,-7.511326745987506,41.36153149668411,18,2018
2.0,2.0,1.0,0.0,1.0,1.0,1.0,1.0,0.0,1.0,1.0,0.0,1.0,1.0,0.0,0.0,0.0,1.0,0.0,0.0,0.0,0.04387749494917761,0.5978765232393849,0.4888152626424509,0.03581856639078679,0.04900495425455065,0.011198192747124311,0.043014235205854984,0.4057238394024068,0.5,-7.510118115034152,41.956812256176605,18,2018
2.0,2.0,1.0,0.0,1.0,1.0,1.0,1.0,0.0,1.0,1.0,0.0,1.0,1.0,0.0,0.0,0.0,1.0,0.0,0.0,0.0,0.041063743427927256,0.5957690720105082,0.4961822797332496,0.02582479232607043,0.04802444395537393,0.011526403465831161,0.08140425837921095,0.4017499777177288,0.5,-7.512137986167042,42.13094636543432,18,2018
2.0,2.0,1.0,0.0,1.0,1.0,1.0,1.0,0.0,1.0,1.0,0.0,1.0,1.0,0.0,0.0,0.0,1.0,0.0,0.0,0.0,0.05484431835096617,0.5189987191094365,0.5476427384247549,0.0022905756508957227,0.040337346352994255,0.007498010303864136,0.03806291105576639,0.33657117416488136,0.5,-7.509897756045317,41.05452107566429,18,2018
2.0,2.0,1.0,0.0,1.0,1.0,1.0,1.0,0.0,1.0,1.0,0.0,1.0,1.0,0.0,0.0,0.0,1.0,0.0,0.0,0.0,0.05572646168929998,0.587629139978915,0.5025090839934628,0.029470810791898953,0.05436777369385115,0.0067982013630385136,0.037844127546726586,0.39760761675996825,0.5,-7.511061776150714,41.86303295019792,18,2018
2.0,2.0,1.0,0.0,1.0,1.0,1.0,1.0,0.0,1.0,1.0,0.0,1.0,1.0,0.0,0.0,0.0,1.0,0.0,0.0,0.0,0.04809656262850149,0.6063645737693723,0.5158869938192029,0.030258577064066865,0.05704459198180698,0.012432775280739786,0.042412049135915696,0.39452304587455755,0.5,-7.5130740730164725,42.17294089837955,18,2018
2.0,2.0,1.0,0.0,1.0,1.0,1.0,1.0,0.0,1.0,1.0,0.0,1.0,1.0,0.0,0.0,0.0,1.0,0.0,0.0,0.0,0.05381909650477477,0.5827499226661623,0.504151128813353,0.018729687929574156,0.04562690014601267,0.007966340325564201,0.04609199869070766,0.38916123201296676,0.5,-7.510159392154944,41.722093252027456,18,2018
1.0,2.0,2.0,1.0,1.0,1.0,0.0,1.0,0.0,0.0,0.0,0.0,1.0,1.0,1.0,0.0,0.0,1.0,1.0,0.0,0.0,0.19385688166872345,0.19461152736509923,0.0033601401287390296,0.0034833109874713095,0.5388751418876787,0.5,0.9997938776333455,0.0009642581531038787,0.00036205578843295745,-7.62694999447712,43.789129860567876,18,2018
1.0,2.0,2.0,1.0,1.0,1.0,0.0,1.0,0.0,0.0,0.0,0.0,1.0,1.0,1.0,0.0,0.0,1.0,1.0,0.0,0.0,0.18613418893304784,0.018500761977069576,0.004045548667415082,0.0005490909987793591,0.5373356043917691,0.5,0.9998006914742991,0.000931938084058588,0.00033849275193142936,-7.633364580122479,43.47876697283764,18,2018
1.0,2.0,2.0,1.0,1.0,1.0,0.0,1.0,0.0,0.0,0.0,0.0,1.0,1.0,1.0,0.0,0.0,1.0,1.0,0.0,0.0,0.20116027111506532,0.0210088514492726,0.06437016654268092,0.0006101579074483816,0.539587027619651,0.5,0.9994799906885427,0.0009720901655185845,0.0003661325662662438,-7.634362654854233,43.56144480766982,18,2018
1.0,2.0,2.0,1.0,1.0,1.0,0.0,1.0,0.0,0.0,0.0,0.0,1.0,1.0,1.0,0.0,0.0,1.0,1.0,0.0,0.0,0.24201407432484096,0.15199431898026086,0.0028335062804856546,0.0029391478851365812,0.5515525739265467,0.5,0.9995684004693649,0.0006848383998822007,0.0010114813253580919,-7.63217573317526,43.906306449557704,18,2018
1.0,2.0,2.0,1.0,1.0,1.0,0.0,1.0,0.0,0.0,0.0,0.0,1.0,1.0,1.0,0.0,0.0,1.0,1.0,0.0,0.0,0.19720093822180215,0.1886666772184822,0.0013500749307342659,0.0028867731458299146,0.5391362844050894,0.5,0.9997916919408628,1.62408811773737e-05,0.0012298491677005898,-7.62861891543709,43.779761072057745,18,2018
1.0,2.0,2.0,1.0,1.0,1.0,0.0,1.0,0.0,0.0,0.0,0.0,1.0,1.0,1.0,0.0,0.0,1.0,1.0,0.0,0.0,0.24717239656935533,0.1547985228899691,4.759337480851546e-17,1.2296377457936043e-06,0.5358199467844422,0.5,0.9999999999999998,0.001053708315052746,0.005324374836674248,-7.639781687356706,43.848592991646775,18,2018
1.0,2.0,2.0,1.0,1.0,1.0,0.0,1.0,0.0,0.0,0.0,0.0,1.0,1.0,1.0,0.0,0.0,1.0,1.0,0.0,0.0,0.21335700453906348,0.02080940186167401,0.07088903759071281,0.0028038521866241045,0.5384915565806468,0.5,0.999848868161735,0.0015172203068007867,0.001066716644905055,-7.630127441759847,43.619225770980094,18,2018
1.0,2.0,2.0,1.0,1.0,1.0,0.0,1.0,0.0,0.0,0.0,0.0,1.0,1.0,1.0,0.0,0.0,1.0,1.0,0.0,0.0,0.19962699929865768,0.01868299316600645,0.06726038405667326,0.0005489962056438114,0.5270839202777532,0.5,0.9995010699031586,0.0012446410503686224,0.0009982088033489926,-7.634635039383224,43.48932868386419,18,2018
1.0,2.0,2.0,1.0,1.0,1.0,0.0,1.0,0.0,0.0,0.0,0.0,1.0,1.0,1.0,0.0,0.0,1.0,1.0,0.0,0.0,0.19954464261621127,0.020728365281871646,0.06618913670368243,0.0005624129149612266,0.5410512575307985,0.5,0.9994879575149371,0.0013421594770086738,0.0010226036483678442,-7.634332117027938,43.57319946590812,18,2018
1.0,2.0,2.0,1.0,1.0,1.0,0.0,1.0,0.0,0.0,0.0,0.0,1.0,1.0,1.0,0.0,0.0,1.0,1.0,0.0,0.0,0.1970549200723281,0.015009079037463357,0.06116159947712797,0.0005648096369602266,0.525985111173486,0.5,0.9994916405840722,0.0009098399809763732,0.0010269614726551289,-7.634423528111806,43.46744676369096,18,2018
2.0,1.0,2.0,1.0,1.0,0.0,1.0,0.0,1.0,0.0,0.0,0.0,1.0,0.0,1.0,0.0,0.0,1.0,0.0,0.0,0.0,0.2385124847512198,0.3579231658481516,0.5,0.02404955544747307,0.0297216083418323,0.04556956627702855,0.5981221595542934,0.42196976999618946,0.03372526334037052,-7.67546101341694,40.71392792397388,18,2018
2.0,1.0,2.0,1.0,1.0,0.0,1.0,0.0,1.0,0.0,0.0,0.0,1.0,0.0,1.0,0.0,0.0,1.0,0.0,0.0,0.0,0.2570023488152117,0.3478173705528908,0.5,0.02234851651542751,0.0401537526129406,0.04673483185360344,0.6013117290828477,0.4676599945464937,0.019162516182393285,-7.679296101180631,40.993417958646276,18,2018
2.0,1.0,2.0,1.0,1.0,0.0,1.0,0.0,1.0,0.0,0.0,0.0,1.0,0.0,1.0,0.0,0.0,1.0,0.0,0.0,0.0,0.2483365008950661,0.3646099714943642,0.5,0.07549845869559807,0.03313968920663305,0.06388517177549086,0.6094363907340258,0.5094589056581,0.04606311115788482,-7.679323948205952,41.887170506295874,18,2018
2.0,1.0,2.0,1.0,1.0,0.0,1.0,0.0,1.0,0.0,0.0,0.0,1.0,0.0,1.0,0.0,0.0,1.0,0.0,0.0,0.0,0.2500769875607146,0.3416932184592324,0.5,0.03462358184016267,0.037907152275097056,0.03226535277959897,0.6084360209390525,0.4661645170475812,0.007017450729157392,-7.676411008124513,40.87353374040319,18,2018
2.0,1.0,2.0,1.0,1.0,0.0,1.0,0.0,1.0,0.0,0.0,0.0,1.0,0.0,1.0,0.0,0.0,1.0,0.0,0.0,0.0,0.18346786910060217,0.18068029872259891,0.5,0.014235248053232293,0.03063313768305372,0.04609653377628963,0.52556594516105,0.4658925288156229,0.009294918362120206,-7.640967704100639,39.51445067647983,18,2018
2.0,1.0,2.0,1.0,1.0,0.0,1.0,0.0,1.0,0.0,0.0,0.0,1.0,0.0,1.0,0.0,0.0,1.0,0.0,0.0,0.0,0.20650881776135133,0.1942921087186231,0.5,0.02853424543460149,0.02553756276148622,0.02865352124895501,0.5998327376057612,0.4304386295487782,0.039237019636073615,-7.6481834914676305,39.97616950467857,18,2018
2.0,1.0,2.0,1.0,1.0,0.0,1.0,0.0,1.0,0.0,0.0,0.0,1.0,0.0,1.0,0.0,0.0,1.0,0.0,0.0,0.0,0.24479495263405557,0.2727357665384706,0.5,0.018454229266922206,0.018248922621060842,0.060419573069533015,0.6082516377296683,0.4397780035223993,0.04112622065025975,-7.666773311181384,40.55783709145012,18,2018
2.0,1.0,2.0,1.0,1.0,0.0,1.0,0.0,1.0,0.0,0.0,0.0,1.0,0.0,0.0,1.0,0.0,1.0,0.0,0.0,0.0,0.20792316611039266,0.20180736940782476,0.5,0.016644767663052024,0.025900759542741063,0.0271165272381414,0.6074226916569252,0.45591607825997055,0.011662912579005617,-7.719708821164669,39.95569022310775,18,2018
2.0,1.0,2.0,1.0,1.0,0.0,1.0,0.0,1.0,0.0,0.0,0.0,1.0,0.0,1.0,0.0,0.0,1.0,0.0,0.0,0.0,0.2432888229995167,0.34828249615915013,0.5,0.06965772270776702,0.017793148114164405,0.04285969436644081,0.6078177500654456,0.4671291360275841,0.03876336972646654,-7.675589563891834,41.22755596573858,18,2018
2.0,1.0,2.0,1.0,1.0,0.0,1.0,0.0,1.0,0.0,0.0,0.0,1.0,0.0,1.0,0.0,0.0,1.0,0.0,0.0,0.0,0.24235545961743474,0.34124336443583436,0.5,0.01813770316209168,0.033837497000603234,0.04124604345308473,0.6116247570291221,0.41402510923373004,0.040207054368236066,-7.674434089676728,40.680751403526266,18,2018
1.0,1.0,0.0,1.0,1.0,1.0,0.0,0.0,0.0,0.0,0.0,0.0,1.0,1.0,0.0,0.0,0.0,0.0,0.0,0.0,0.0,0.0,0.18402440400835837,0.5,0.011277346575471565,0.541489212360031,0.5,0.0,0.5,0.5,-3.823808772854447,24.553654222507433,18,2018
0.0,0.0,0.0,1.0,0.0,0.0,0.0,0.0,0.0,0.0,0.0,0.0,1.0,0.0,0.0,0.0,0.0,0.0,0.0,0.0,0.0,2.936981712518827e-15,0.5,0.5,6.993104012531504e-17,0.5,0.5,2.9902838018236455e-15,0.5,0.5,-3.482849974437949,11.500000000000018,18,2018
1.0,1.0,0.0,1.0,1.0,1.0,0.0,0.0,0.0,0.0,0.0,0.0,1.0,1.0,0.0,0.0,0.0,0.0,0.0,0.0,0.0,0.00036548862935577536,1.5059387867789514e-17,0.5,0.0015636319879152555,0.5383449132097777,0.5,0.0,0.5,0.5,-3.8238106182678755,24.239452206259728,18,2018
1.0,1.0,0.0,1.0,1.0,1.0,0.0,0.0,0.0,0.0,0.0,0.0,1.0,1.0,0.0,0.0,0.0,0.0,0.0,0.0,0.0,0.0,0.17184467177808893,0.5,0.030919081843153284,0.541358641555608,0.5,1.5449880957918438e-18,0.5,0.5,-3.823801380191974,24.640380478922204,18,2018
1.0,1.0,0.0,1.0,1.0,1.0,0.0,0.0,0.0,0.0,0.0,0.0,1.0,1.0,0.0,0.0,0.0,0.0,0.0,0.0,0.0,1.7824232239042082e-18,0.18048698149590328,0.5,0.0360436053251196,0.5461345982265478,0.5,4.0039428336420446e-17,0.5,0.5,-3.823799661465855,24.721098074736524,18,2018
1.0,1.0,0.0,1.0,1.0,1.0,0.0,0.0,0.0,0.0,0.0,0.0,1.0,1.0,0.0,0.0,0.0,0.0,0.0,0.0,0.0,2.0925097049386285e-17,0.18535400002188746,0.5,0.01743074549376196,0.5422835692593088,0.5,9.16972619318714e-24,0.5,0.5,-3.823806502402586,24.59877862578722,18,2018
0.0,1.0,1.0,1.0,1.0,0.0,0.0,0.0,0.0,0.0,0.0,0.0,1.0,1.0,1.0,0.0,0.0,0.0,0.0,0.0,0.0,0.005290994651908777,0.11304211675230601,0.5,0.8695388308500434,0.5,0.5,0.00021261413713087306,0.4123438956871754,0.5,-3.7980498395191096,28.282217647535838,18,2018
1.0,1.0,0.0,1.0,1.0,1.0,0.0,0.0,0.0,0.0,0.0,0.0,1.0,1.0,0.0,0.0,0.0,0.0,0.0,0.0,0.0,1.43925872198381e-17,0.1972774903931663,0.5,0.034240691126176025,0.5042804447336986,0.5,5.0848658060926946e-17,0.5,0.5,-3.8238007843754054,24.50355567267003,18,2018
1.0,1.0,0.0,1.0,1.0,1.0,0.0,0.0,0.0,0.0,0.0,0.0,1.0,1.0,0.0,0.0,0.0,0.0,0.0,0.0,0.0,2.857289237057853e-18,0.17230041745422223,0.5,0.009350167321144609,0.5395528282903581,0.5,4.532756089344319e-18,0.5,0.5,-3.823809326841111,24.50123001065331,18,2018
1.0,1.0,0.0,1.0,1.0,1.0,0.0,0.0,0.0,0.0,0.0,0.0,1.0,1.0,0.0,0.0,0.0,0.0,0.0,0.0,0.0,0.00017679487938084348,0.1800120041346137,0.5,0.03378256636531686,0.5367458176229205,0.5,0.0002825311666122996,0.5,0.5,-3.823800503899217,24.651695961152026,18,2018
2.0,2.0,2.0,1.0,1.0,0.0,1.0,0.0,1.0,1.0,0.0,0.0,0.0,0.0,1.0,1.0,0.0,0.0,0.0,1.0,0.0,0.010654980496423895,0.3167277759129177,0.5119183700652662,0.2575689004382183,0.7761640669632466,0.9645959293753543,0.06307902248838092,0.061397188478031994,0.3015668686992952,-10.421266094643093,53.58366487043597,18,2018
2.0,2.0,2.0,1.0,1.0,0.0,1.0,0.0,1.0,1.0,0.0,0.0,0.0,0.0,1.0,1.0,1.0,0.0,0.0,1.0,0.0,0.0027747882951188125,0.2707066639338161,0.5145853259478308,0.05096115735687736,0.925469585117058,0.9951408271052444,0.06435137274021947,0.06616466049283239,0.3560581648152503,-10.705155074522096,54.61548959096855,18,2018
2.0,2.0,2.0,1.0,1.0,0.0,1.0,0.0,1.0,1.0,0.0,0.0,0.0,0.0,1.0,1.0,1.0,0.0,0.0,1.0,0.0,0.007763751590156956,0.2586594825244857,0.513875763374372,0.05828316825751151,0.9475679484038436,0.9866297863935738,0.05730735923090553,0.07430455963423416,0.30837044542483044,-10.69452138679691,54.41201273152467,18,2018
2.0,2.0,2.0,1.0,1.0,0.0,1.0,0.0,1.0,1.0,0.0,0.0,0.0,0.0,1.0,1.0,1.0,0.0,0.0,1.0,0.0,0.004341917445979899,0.23017835711265577,0.5064346687853992,0.06817111190151597,0.9368187978105683,0.9943053930517224,0.06110377349480942,0.07003496582844143,0.36316354241076243,-10.686480579992997,54.62792452153268,18,2018
2.0,2.0,2.0,1.0,1.0,0.0,1.0,0.0,1.0,1.0,0.0,0.0,0.0,0.0,1.0,1.0,1.0,0.0,0.0,1.0,0.0,0.0015050383500133419,0.24758982477731148,0.5230414680817976,0.05307113546171696,0.9507811902371357,0.9636674918426869,0.06157692978475473,0.10735261441462728,0.31560181214359745,-10.694013278688201,54.55643458995511,18,2018
2.0,2.0,2.0,1.0,1.0,0.0,1.0,0.0,1.0,1.0,0.0,0.0,0.0,0.0,1.0,1.0,0.0,0.0,0.0,1.0,0.0,0.010087526459479646,0.35794287671212704,0.5166246920244976,0.07589201376385384,0.9637005888954115,0.9900147241850042,0.06014566617402683,0.05656742009491388,0.29921245773309324,-10.571499843443068,53.939078760196836,18,2018
2.0,2.0,2.0,1.0,1.0,0.0,1.0,0.0,1.0,1.0,0.0,0.0,0.0,0.0,1.0,1.0,1.0,0.0,0.0,1.0,0.0,0.006405390909886909,0.3054102303888264,0.5161516846960198,0.09940235367752123,0.931195341441551,0.9900649344762412,0.06448452322377345,0.1077005856994347,0.345208951902517,-10.669790857282976,55.24644313884006,18,2018
2.0,2.0,2.0,1.0,1.0,1.0,1.0,0.0,1.0,1.0,0.0,0.0,0.0,0.0,1.0,1.0,1.0,0.0,1.0,0.0,0.0,0.25009910641452576,0.3585096413085992,0.5040276425161746,0.0750495694533391,0.9311240958031813,0.9898386085461712,0.06372855869536714,0.10354288999893661,0.5817528529541766,-10.803053810973402,58.08607758523388,18,2018
2.0,2.0,2.0,1.0,1.0,1.0,1.0,0.0,1.0,1.0,0.0,0.0,0.0,0.0,1.0,1.0,1.0,0.0,1.0,0.0,0.0,0.2627961938023049,0.38615359627915724,0.4957110778888768,0.07667157994467041,0.8479068123618111,0.9635194334715146,0.06084587773640208,0.061263380485181276,0.5766100250075504,-10.787494253519732,57.268244039009176,18,2018
2.0,2.0,2.0,1.0,1.0,0.0,1.0,0.0,1.0,1.0,0.0,0.0,0.0,0.0,1.0,1.0,0.0,0.0,0.0,1.0,0.0,0.003023377610182964,0.31489981902314446,0.5119317271338852,0.10538212241270062,0.792563013433467,0.9656054308319101,0.1325774994163126,0.04322112327136864,0.30286541443430065,-10.511128525262368,53.08200353335522,18,2018
0.0,0.0,0.0,1.0,0.0,0.0,0.0,0.0,0.0,0.0,0.0,0.0,1.0,0.0,0.0,0.0,0.0,0.0,0.0,0.0,0.0,0.00016026761943745992,0.5,0.5,0.9986445368132243,0.5,0.5,0.3462664684362571,0.5,0.5,-3.4467788857502972,19.569466211296856,18,2018
0.0,0.0,0.0,1.0,0.0,0.0,0.0,0.0,0.0,0.0,0.0,0.0,1.0,0.0,0.0,0.0,0.0,0.0,0.0,0.0,0.0,0.00016561607615540584,0.5,0.5,0.9983803509614692,0.5,0.5,0.3275941302311999,0.5,0.5,-3.445138457235747,19.455847079156804,18,2018
0.0,0.0,0.0,1.0,0.0,0.0,0.0,0.0,0.0,0.0,0.0,0.0,1.0,0.0,0.0,0.0,0.0,0.0,0.0,0.0,0.0,0.00010416801455921117,0.5,0.5,0.9991188425491373,0.5,0.5,0.3281533589563996,0.5,0.5,-3.445503701735413,19.463633284990046,18,2018
0.0,0.0,0.0,1.0,0.0,0.0,0.0,0.0,0.0,0.0,0.0,0.0,1.0,0.0,0.0,0.0,0.0,0.0,0.0,0.0,0.0,1.0459274050900177e-05,0.5,0.5,0.9970953570895161,0.5,0.5,0.3458956796070586,0.5,0.5,-3.446073866796727,19.557946220945226,18,2018
0.0,0.0,0.0,1.0,0.0,0.0,0.0,0.0,0.0,0.0,0.0,0.0,1.0,0.0,0.0,0.0,0.0,0.0,0.0,0.0,0.0,9.71421494530129e-05,0.5,0.5,0.9990347815502106,0.5,0.5,0.3249097982992791,0.5,0.5,-3.4452106661791153,19.44366754515312,18,2018
0.0,0.0,0.0,1.0,0.0,0.0,0.0,0.0,0.0,0.0,0.0,0.0,1.0,0.0,0.0,0.0,0.0,0.0,0.0,0.0,0.0,2.1837634122599452e-16,0.5,0.5,1.0,0.5,0.5,0.32951457800529704,0.5,0.5,-3.445996110926543,19.477087468031783,18,2018
2.0,2.0,2.0,1.0,0.0,1.0,1.0,1.0,1.0,1.0,1.0,1.0,0.0,1.0,1.0,0.0,1.0,1.0,1.0,1.0,0.0,0.9265601430088282,0.8117988333106041,0.017869990319013596,0.5105264466255903,0.9891943894326687,0.873514729551971,0.6547545799985528,0.41707837488502264,0.1545892795547843,-11.173928270111826,74.72289946680854,18,2018
2.0,2.0,2.0,0.0,1.0,0.0,1.0,0.0,1.0,1.0,1.0,0.0,1.0,0.0,1.0,1.0,1.0,0.0,1.0,0.0,1.0,0.08848956786096096,0.23536403942853212,0.06975584384053946,0.676382539793849,0.8969093067571521,0.34611778426915407,0.02413103636354208,0.740876984782517,0.23157138843089342,-10.757031316269082,57.472581829366334,18,2018
2.0,2.0,2.0,0.0,1.0,1.0,0.0,1.0,1.0,1.0,0.0,0.0,0.0,0.0,1.0,0.0,1.0,1.0,1.0,0.0,0.0,0.907435666769743,0.3981572464108467,0.2553122406825423,0.9323324374854565,0.4358827220275998,0.9853809140622616,0.39529869705438614,0.2531906235963106,0.8933528224006295,-10.894078622044285,68.20270045682346,18,2018
2.0,2.0,2.0,0.0,0.0,1.0,1.0,0.0,0.0,0.0,1.0,0.0,0.0,1.0,0.0,1.0,0.0,1.0,1.0,1.0,1.0,0.731878288090229,0.762527335435152,0.8449317179620266,0.17779591958969831,0.1290827253833413,0.729683943092823,0.8379171201959252,0.16751786973327398,0.6347915604710579,-10.922672748276762,66.37775844797056,18,2018
1.0,1.0,0.0,1.0,0.0,0.0,1.0,0.0,0.0,0.0,0.0,0.0,1.0,1.0,0.0,0.0,0.0,0.0,0.0,0.0,0.0,0.045694993555809596,0.32606469562983736,0.5,0.08339867869343871,0.09901218331773587,0.5,0.00024926410994808543,0.5,0.5,-3.8237836691357527,21.854804283932445,18,2018
1.0,1.0,0.0,1.0,0.0,0.0,1.0,0.0,0.0,0.0,0.0,0.0,1.0,1.0,0.0,0.0,0.0,0.0,0.0,0.0,0.0,0.031253939107689435,0.3117466123525892,0.5,0.08306238559091687,0.10137141962779371,0.5,0.00020181384545518174,0.5,0.5,-3.82378241907572,21.794953027546434,18,2018
1.0,1.0,0.0,1.0,0.0,0.0,1.0,0.0,0.0,0.0,0.0,0.0,1.0,1.0,0.0,0.0,0.0,0.0,0.0,0.0,0.0,0.021254939447929697,0.30395571557810713,0.5,0.06837941801046683,0.10113923158089112,0.5,0.00047196902133970575,0.5,0.5,-3.8237854094040227,21.669829658060927,18,2018
1.0,1.0,0.0,1.0,0.0,0.0,1.0,0.0,0.0,0.0,0.0,0.0,1.0,1.0,0.0,0.0,0.0,0.0,0.0,0.0,0.0,0.5113140442329585,0.5019153231779468,0.5,0.07817089544849655,0.06113838962159645,0.5,0.0001870605937362955,0.5,0.5,-3.8238162145460532,24.430505378277783,18,2018
1.0,1.0,0.0,1.0,0.0,0.0,1.0,0.0,0.0,0.0,0.0,0.0,1.0,1.0,0.0,0.0,0.0,0.0,0.0,0.0,0.0,0.049264066941464874,0.3266019225493218,0.5,0.0790872648884026,0.10047718529800145,0.5,0.0005044701683515736,0.5,0.5,-3.8237844341602343,21.844083870860217,18,2018
1.0,1.0,0.0,1.0,0.0,0.0,1.0,0.0,0.0,0.0,0.0,0.0,1.0,1.0,0.0,0.0,0.0,0.0,0.0,0.0,0.0,0.023592759804043857,0.2868659654491455,0.5,0.07799997506323327,0.06326050433977543,0.5,9.399840438349745e-05,0.5,0.5,-3.82379114439928,21.428067769982043,18,2018
1.0,1.0,0.0,1.0,0.0,0.0,1.0,0.0,0.0,0.0,0.0,0.0,1.0,1.0,0.0,0.0,0.0,0.0,0.0,0.0,0.0,0.03306362614553777,0.3099993679163922,0.5,0.07203793434428583,0.10016183780502068,0.5,3.25926553978816e-05,0.5,0.5,-3.823785100709436,21.71374386920541,18,2018
1.0,1.0,0.0,1.0,0.0,0.0,1.0,0.0,0.0,0.0,0.0,0.0,1.0,1.0,0.0,0.0,0.0,0.0,0.0,0.0,0.0,0.5016688234379958,0.5071511205934005,0.5,0.08134686958137997,0.07126286020440033,0.5,0.00017087109199306894,0.5,0.5,-3.8238133389409383,24.478800677968273,18,2018
1.0,1.0,0.0,1.0,0.0,0.0,1.0,0.0,0.0,0.0,0.0,0.0,1.0,1.0,0.0,0.0,0.0,0.0,0.0,0.0,0.0,0.5011413225317378,0.4943398926972681,0.5,0.08718724907390908,0.10728894496907039,0.5,4.553649124439119e-18,0.5,0.5,-3.8238044469999783,24.63545904688352,18,2018
1.0,1.0,0.0,1.0,0.0,0.0,1.0,0.0,0.0,0.0,0.0,0.0,1.0,1.0,0.0,0.0,0.0,0.0,0.0,0.0,0.0,0.5100607937448802,0.5056331744590279,0.5,0.0816794355201998,0.07712981838668377,0.5,0.000841474264718629,0.5,0.5,-3.8238125904399434,24.56869281203381,18,2018
1.0,2.0,1.0,1.0,1.0,1.0,1.0,1.0,0.0,0.0,0.0,0.0,0.0,1.0,1.0,1.0,1.0,1.0,0.0,0.0,0.0,0.05334988446861181,0.631577376776821,0.609280154873019,0.03457256405214907,0.5168722019990201,0.5,0.3216653732742129,0.019858505612273755,0.5,-7.401752432905911,42.7685213706843,18,2018
1.0,2.0,1.0,1.0,1.0,1.0,1.0,1.0,0.0,0.0,0.0,0.0,0.0,1.0,1.0,1.0,1.0,1.0,0.0,0.0,0.0,0.06403373373522242,0.6202599749540277,0.6153054858061509,0.020044787899832196,0.4178178266763521,0.5,0.4435919305625024,0.11392894018349636,0.5,-7.440085664079684,43.344266087077415,18,2018
1.0,2.0,1.0,1.0,1.0,1.0,1.0,1.0,0.0,0.0,0.0,0.0,0.0,1.0,1.0,1.0,1.0,1.0,0.0,0.0,0.0,0.08170475880595314,0.6397290517691243,0.6111819768293582,0.019435412189494395,0.47259816206281846,0.5,0.36332302714525394,0.02068304067439153,0.5,-7.422658415309608,42.78254420506178,18,2018
1.0,2.0,1.0,1.0,1.0,1.0,1.0,1.0,0.0,0.0,0.0,0.0,0.0,1.0,1.0,1.0,1.0,1.0,0.0,0.0,0.0,0.07115797737147263,0.6522637832963785,0.609656135890616,0.2897239193042684,0.7011266437242936,0.5,0.6082421339907892,0.12372455743516352,0.5,-7.3029284074344805,47.95224826013656,18,2018
1.0,2.0,1.0,1.0,1.0,1.0,1.0,1.0,0.0,0.0,0.0,0.0,0.0,1.0,1.0,1.0,1.0,1.0,0.0,0.0,0.0,0.0852424216375181,0.6824699856313299,0.6088554927256119,0.018086195984779133,0.4240559965994603,0.5,0.3666678077334602,0.06142574484732308,0.5,-7.428893094031262,43.12757041028496,18,2018
1.0,2.0,1.0,1.0,1.0,1.0,1.0,1.0,0.0,0.0,0.0,0.0,0.0,1.0,1.0,1.0,1.0,1.0,0.0,0.0,0.0,0.05507237997406029,0.6072951817057632,0.6140022033254109,0.031452874597968576,0.5055131289133562,0.5,0.3625689670295753,0.018924479604692734,0.5,-7.409591068819294,42.752630474006075,18,2018
1.0,2.0,1.0,1.0,1.0,1.0,1.0,1.0,0.0,0.0,0.0,0.0,0.0,1.0,1.0,1.0,1.0,1.0,0.0,0.0,0.0,0.0630351661991755,0.6473971498475402,0.5986901147132665,0.1752732798569063,0.43501169980361876,0.5,0.5602549060590215,0.06285201000163658,0.5,-7.3395754036612075,44.87103586117412,18,2018
1.0,2.0,1.0,1.0,1.0,1.0,1.0,1.0,0.0,0.0,0.0,0.0,0.0,1.0,1.0,1.0,1.0,1.0,0.0,0.0,0.0,0.05560484364728718,0.6771451499970911,0.6265820972911791,0.2705076349470779,0.6941279718648986,0.5,0.6259113744907862,0.07377050568355532,0.5,-7.310558936704146,47.965462964049955,18,2018
1.0,2.0,1.0,1.0,1.0,1.0,1.0,1.0,0.0,0.0,0.0,0.0,0.0,1.0,1.0,1.0,1.0,1.0,0.0,0.0,0.0,0.05761041458318696,0.676228073840638,0.6037098494212475,0.01976965593220749,0.42746658288191447,0.5,0.42453545163725587,0.018688207915000903,0.5,-7.434427123341242,43.118242040246514,18,2018
1.0,2.0,1.0,1.0,1.0,1.0,1.0,1.0,0.0,0.0,0.0,0.0,0.0,1.0,1.0,1.0,1.0,1.0,0.0,0.0,0.0,0.05283938234670624,0.6391100840264121,0.6161888270485532,0.15392280960095364,0.4181722644437717,0.5,0.41797377214223325,0.042340949578598325,0.5,-7.333909207820624,43.731055367466844,18,2018
2.0,2.0,2.0,0.0,0.0,1.0,1.0,0.0,0.0,0.0,1.0,0.0,1.0,1.0,1.0,1.0,1.0,1.0,1.0,0.0,1.0,0.24522986639251676,0.21022616269989025,0.19892020065594715,0.049695712020431326,0.9870209749808954,0.7871893813907115,0.00273308047119969,0.43492075383154766,0.00133079286027868,-10.851091000066775,54.08465798491429,18,2018
1.0,2.0,2.0,1.0,0.0,1.0,0.0,1.0,1.0,0.0,0.0,0.0,0.0,1.0,1.0,1.0,0.0,0.0,1.0,0.0,0.0,0.6274534920230508,0.8108919486403465,0.4696865910664201,0.2691566748544574,0.5295777898281813,0.5,0.7341081844642758,0.21897280868142843,0.7493852814659476,-7.166586007157912,56.91014835171052,18,2018
2.0,2.0,1.0,1.0,1.0,1.0,0.0,1.0,0.0,0.0,1.0,1.0,1.0,1.0,1.0,1.0,1.0,0.0,0.0,0.0,0.0,0.08132367208600044,0.19731220602989197,0.6259673507884145,0.05465829465538263,0.030385123565793037,0.9344193926081061,0.30645184125751257,0.16663545556366444,0.5,-7.683880386819711,48.51696603970375,18,2018
2.0,1.0,2.0,1.0,1.0,1.0,1.0,0.0,0.0,0.0,0.0,0.0,1.0,1.0,0.0,1.0,1.0,1.0,0.0,0.0,0.0,0.021471619606018066,0.5074157966300845,0.5,0.6371453134343028,0.6082568513229489,0.01212215144187212,0.32044546213001013,0.7475923029705882,0.9940356900915504,-7.572811552827116,56.22310937617537,18,2018
1.0,2.0,2.0,0.0,1.0,1.0,0.0,1.0,1.0,0.0,0.0,0.0,1.0,0.0,1.0,0.0,1.0,1.0,1.0,0.0,1.0,0.16308535356074572,0.6732568191364408,0.04720562044531107,0.03554627764970064,0.45863026194274426,0.5,0.8445605561137199,0.5198168782517314,0.4481634357944131,-7.732360305824584,52.2150040921435,18,2018
2.0,1.0,2.0,0.0,0.0,1.0,1.0,1.0,1.0,0.0,0.0,0.0,0.0,1.0,1.0,1.0,1.0,0.0,0.0,0.0,0.0,0.5483412109315395,0.8834544476121664,0.5,0.9331822814419866,0.4113175021484494,0.9900549426674843,0.19462846405804157,0.009736514650285244,0.19953149650245905,-8.194410246631048,57.49889612109333,18,2018
2.0,2.0,2.0,1.0,1.0,1.0,1.0,1.0,0.0,0.0,1.0,1.0,1.0,0.0,1.0,0.0,1.0,1.0,0.0,1.0,1.0,0.6164338663220406,0.3176135988906026,0.8284863801673055,0.25001396145671606,0.9579765666276217,0.06775341369211674,0.17834840901196003,0.592601602897048,0.5918292952701449,-11.30208691902827,65.50195103683558,18,2018
1.0,2.0,2.0,0.0,1.0,1.0,0.0,1.0,0.0,0.0,0.0,0.0,0.0,1.0,0.0,0.0,1.0,1.0,1.0,1.0,1.0,0.28722270764410496,0.25863315165042877,0.9402082934975624,0.7443630043417215,0.04622421320527792,0.5,0.49666854180395603,0.9922809600830078,0.23618030548095703,-7.213826595589563,56.327959532054024,18,2018
2.0,1.0,2.0,1.0,0.0,1.0,0.0,1.0,1.0,0.0,0.0,0.0,1.0,0.0,1.0,0.0,1.0,1.0,0.0,0.0,0.0,0.0470545943826437,0.0032332194969058037,0.5,0.23817031178623438,0.2665562517940998,0.9473053645342588,0.16781490202993155,0.4634959492832422,0.8630137583240867,-7.759006303908684,51.193711346436935,18,2018
2.0,2.0,1.0,1.0,0.0,1.0,0.0,1.0,0.0,1.0,0.0,1.0,0.0,0.0,1.0,1.0,1.0,0.0,0.0,0.0,0.0,0.6038323324173689,0.7106172190979123,0.725209784694016,0.18274256587028503,0.12231119070202112,0.1888359896838665,0.9902761094272137,0.6552974907681346,0.5,-7.959255109555755,56.105416925678064,18,2018
0.0,1.0,1.0,1.0,1.0,0.0,0.0,0.0,0.0,0.0,0.0,0.0,1.0,1.0,1.0,0.0,0.0,0.0,0.0,0.0,0.0,0.2628945196976683,0.2449527791442057,0.5,0.0010673491098378686,0.5,0.5,0.16483525560110307,0.012881286895295739,0.5,-4.099564822278275,22.476511097120184,18,2018
0.0,1.0,1.0,1.0,1.0,0.0,0.0,0.0,0.0,0.0,0.0,0.0,1.0,1.0,1.0,0.0,0.0,0.0,0.0,0.0,0.0,0.26181670820296765,0.2456409339335931,0.5,0.0011272668143657617,0.5,0.5,0.1646760841007821,0.01274542364827072,0.5,-4.099421062059888,22.473504847206552,18,2018
0.0,1.0,1.0,1.0,1.0,0.0,0.0,0.0,0.0,0.0,0.0,0.0,1.0,1.0,1.0,0.0,0.0,0.0,0.0,0.0,0.0,0.26348795975402084,0.24581055839926483,0.5,0.000856788487887519,0.5,0.5,0.17049860430694708,0.012015789844140212,0.5,-4.100070583158582,22.509168244725114,18,2018
0.0,1.0,1.0,1.0,1.0,0.0,0.0,0.0,0.0,0.0,0.0,0.0,1.0,1.0,1.0,0.0,0.0,0.0,0.0,0.0,0.0,0.2631287992001446,0.24131235057900266,0.5,0.002503830221839003,0.5,0.5,0.16222517287417568,0.010747232109033087,0.5,-4.096137144656655,22.4451363198036,18,2018
0.0,1.0,1.0,1.0,1.0,0.0,0.0,0.0,0.0,0.0,0.0,0.0,1.0,1.0,1.0,0.0,0.0,0.0,0.0,0.0,0.0,0.2625222024263772,0.2416505637773386,0.5,0.0024392005947803516,0.5,0.5,0.16805386236307052,0.006724476719438058,0.5,-4.096290785926462,22.454495550248645,18,2018
0.0,1.0,1.0,1.0,1.0,0.0,0.0,0.0,0.0,0.0,0.0,0.0,1.0,1.0,1.0,0.0,0.0,0.0,0.0,0.0,0.0,0.2630083272641268,0.24493353977552199,0.5,0.00022279480639763474,0.5,0.5,0.1649567537706987,0.013037474204911642,0.5,-4.101596890863682,22.473462870512737,18,2018
0.0,1.0,1.0,1.0,1.0,0.0,0.0,0.0,0.0,0.0,0.0,0.0,1.0,1.0,1.0,0.0,0.0,0.0,0.0,0.0,0.0,0.26314381853268093,0.2451841293739066,0.5,0.0010394335040629617,0.5,0.5,0.16447784351687653,0.013872907222718939,0.5,-4.099631800928778,22.481860591163557,18,2018
0.0,1.0,1.0,1.0,1.0,0.0,0.0,0.0,0.0,0.0,0.0,0.0,1.0,1.0,1.0,0.0,0.0,0.0,0.0,0.0,0.0,0.25969338482079746,0.240812884180609,0.5,0.001973268720573022,0.5,0.5,0.16426600255933646,0.004466625254221292,0.5,-4.097398675402959,22.40225587435425,18,2018
0.0,1.0,1.0,1.0,1.0,0.0,0.0,0.0,0.0,0.0,0.0,0.0,1.0,1.0,1.0,0.0,0.0,0.0,0.0,0.0,0.0,0.2639771484156976,0.24559032729508487,0.5,3.570113718411158e-05,0.5,0.5,0.17087681832728818,0.012173754036796285,0.5,-4.102049120632164,22.508507447233743,18,2018
0.0,1.0,1.0,1.0,1.0,0.0,0.0,0.0,0.0,0.0,0.0,0.0,1.0,1.0,1.0,0.0,0.0,0.0,0.0,0.0,0.0,0.2613433684781952,0.2442286569710473,0.5,0.0013602309566530396,0.5,0.5,0.1642395135904117,0.010765269873376974,0.5,-4.098862896054272,22.45382603845653,18,2018
1.0,1.0,1.0,1.0,1.0,1.0,1.0,0.0,0.0,0.0,0.0,0.0,1.0,0.0,0.0,1.0,0.0,0.0,0.0,0.0,0.0,0.4833580303219223,0.4953203783938631,0.5,2.1048204711936522e-05,0.0005512927725414127,0.5,0.45811556836727196,0.4545845438067537,0.5,-7.328129285532319,33.832475558010174,18,2018
1.0,1.0,1.0,1.0,1.0,1.0,1.0,0.0,0.0,0.0,0.0,0.0,1.0,0.0,0.0,1.0,0.0,0.0,0.0,0.0,0.0,0.4810462198421932,0.49259454991399404,0.5,0.00023448951155016372,0.0002627862038886747,0.5,0.45728336862652663,0.49591857010882434,0.5,-7.334621587560452,34.04057928031078,18,2018
1.0,1.0,1.0,1.0,1.0,1.0,1.0,0.0,0.0,0.0,0.0,0.0,1.0,0.0,0.0,1.0,0.0,0.0,0.0,0.0,0.0,0.484253371035919,0.48070863145391096,0.5,5.450470894502237e-05,0.0005012818405946399,0.5,0.4574186237794447,0.4783151917520815,0.5,-7.330006810695146,33.876812422483994,18,2018
1.0,1.0,1.0,1.0,1.0,1.0,1.0,0.0,0.0,0.0,0.0,0.0,1.0,0.0,0.0,1.0,0.0,0.0,0.0,0.0,0.0,0.4927742506139751,0.4850622665697992,0.5,1.2747371370742098e-05,0.00039931407573061764,0.5,0.44105514465666984,0.46657984823796655,0.5,-7.3272509644835555,33.795065377676394,18,2018
1.0,1.0,1.0,1.0,1.0,1.0,1.0,0.0,0.0,0.0,0.0,0.0,1.0,0.0,0.0,1.0,0.0,0.0,0.0,0.0,0.0,0.4848002006981633,0.48951675129718547,0.5,4.773843024831619e-05,0.0002422412214446949,0.5,0.4989488709773785,0.5100857094791682,0.5,-7.344952980535934,34.37855255143215,18,2018
2.0,2.0,1.0,1.0,1.0,1.0,0.0,0.0,1.0,1.0,0.0,0.0,1.0,0.0,1.0,0.0,1.0,1.0,0.0,0.0,0.0,0.5840965723618865,0.3165011713281274,0.3378394255414605,0.9779475415125489,0.01203844416886568,0.8601486952975392,0.875197914429009,0.7437729751691222,0.5,-8.157391502473352,59.20297434669267,18,2018
0.0,2.0,2.0,1.0,1.0,1.0,0.0,0.0,0.0,0.0,0.0,0.0,1.0,1.0,1.0,0.0,1.0,0.0,1.0,1.0,1.0,0.9828276820480824,0.6498271264135838,0.2086510704830289,0.15925432182848454,0.5,0.5,0.3498593373224139,0.6092277765274048,0.022377146407961845,-3.8572129370922656,48.366637204774186,18,2018
2.0,2.0,2.0,1.0,1.0,0.0,0.0,0.0,1.0,0.0,1.0,1.0,0.0,0.0,1.0,1.0,1.0,1.0,0.0,1.0,0.0,0.031957984901964664,0.06230274587869644,0.5079959435388446,0.19613470043987036,0.3611226510256529,0.22321391105651855,0.9919675011187792,0.13684820290654898,0.6617688722908497,-10.698931205316192,55.7670747981939,18,2018
2.0,2.0,2.0,1.0,1.0,0.0,0.0,1.0,1.0,1.0,1.0,0.0,1.0,1.0,1.0,0.0,1.0,0.0,1.0,0.0,1.0,0.8504908150061965,0.3507843893021345,0.9437385825440288,0.3808691957965493,0.6822588760405779,0.5882391482591629,0.5397133370861411,0.9192000767216086,0.3867855342105031,-10.892628380960891,73.64158479327858,18,2018
2.0,2.0,2.0,0.0,1.0,1.0,0.0,1.0,0.0,1.0,0.0,1.0,0.0,1.0,0.0,1.0,1.0,0.0,0.0,1.0,1.0,0.5643409481272101,0.7985291248187423,0.24524206575006247,0.5848728232085705,0.9142240919172764,0.8850330701097846,0.17685641068965197,0.5646467059850693,0.1463629910722375,-10.680612503660338,65.24588853600739,18,2018
2.0,2.0,1.0,1.0,1.0,0.0,0.0,0.0,1.0,1.0,0.0,0.0,1.0,1.0,1.0,1.0,1.0,0.0,0.0,0.0,0.0,0.6064618881937646,0.5623442203656451,0.4433188918832649,0.0819826294661428,0.02991600636218112,0.39128015667182425,0.0458562960239391,0.5056032817062579,0.5,-7.7293828441526,46.99174100875765,18,2018
2.0,2.0,1.0,1.0,1.0,0.0,0.0,0.0,1.0,1.0,0.0,0.0,1.0,1.0,1.0,1.0,1.0,0.0,0.0,0.0,0.0,0.5960786219864082,0.557396418791453,0.4415969856725765,0.049427343143147416,0.021468648996677588,0.37495582440738684,0.041652310196535154,0.49936972377929384,0.5,-7.7271091514411845,46.44830182631925,18,2018
2.0,2.0,1.0,1.0,1.0,0.0,0.0,0.0,1.0,1.0,0.0,0.0,1.0,1.0,1.0,1.0,1.0,0.0,0.0,0.0,0.0,0.5907276259364298,0.5539695144548729,0.4395927300354244,0.08083613063038972,0.024405205938221403,0.39747167721285337,0.03581231096175112,0.5092524783450094,0.5,-7.730436794024694,46.73024865355834,18,2018
2.0,2.0,1.0,1.0,1.0,0.0,0.0,0.0,1.0,1.0,0.0,0.0,1.0,1.0,1.0,1.0,1.0,0.0,0.0,0.0,0.0,0.601044451544161,0.5575085986478975,0.4388077957580712,0.08340503048236812,0.0226882021239842,0.3943883571338984,0.03778925608737352,0.5163942668208339,0.5,-7.733051577350178,46.8803485393057,18,2018
2.0,2.0,1.0,1.0,1.0,0.0,0.0,0.0,1.0,1.0,0.0,0.0,1.0,1.0,1.0,1.0,1.0,0.0,0.0,0.0,0.0,0.5988460604669282,0.5607686889801347,0.4470174282219167,0.08670755242003925,0.01961064241267071,0.3834220762721609,0.03437523637221217,0.5000931501764894,0.5,-7.727187661083304,46.7555709006012,18,2018
2.0,2.0,1.0,1.0,1.0,0.0,0.0,0.0,1.0,1.0,0.0,0.0,1.0,1.0,1.0,1.0,1.0,0.0,0.0,0.0,0.0,0.5987613543066274,0.5627107478935863,0.44770429491268876,0.15123246147407324,0.019947710511516628,0.3812060930747944,0.037204120225464765,0.49951070719471896,0.5,-7.727024638907224,47.16379032110874,18,2018
2.0,2.0,1.0,1.0,1.0,0.0,0.0,0.0,1.0,1.0,0.0,0.0,1.0,1.0,1.0,1.0,1.0,0.0,0.0,0.0,0.0,0.6010781032424338,0.5590018621281495,0.4412974593111982,0.08417524118949277,0.02114251957234425,0.38600780030353926,0.03424319831136987,0.49731543033493203,0.5,-7.7262241487984245,46.71695504785352,18,2018
2.0,2.0,1.0,1.0,1.0,0.0,0.0,0.0,1.0,1.0,0.0,0.0,1.0,1.0,1.0,1.0,1.0,0.0,0.0,0.0,0.0,0.6029122881656775,0.5588603690047212,0.4460524936303165,0.08643693503709984,0.025679675507502837,0.3962148203618515,0.03434045017212947,0.49924045724424965,0.5,-7.726888887968706,46.875010794310626,18,2018
2.0,2.0,1.0,1.0,1.0,0.0,0.0,0.0,1.0,1.0,0.0,0.0,1.0,1.0,1.0,1.0,1.0,0.0,0.0,0.0,0.0,0.5986333549749616,0.55760473894187,0.4421818183099892,0.11293166731295161,0.04604816370001058,0.3998900544994233,0.03456508526062621,0.53003432501839,0.5,-7.738019103660505,47.29448366790898,18,2018
2.0,2.0,1.0,1.0,1.0,0.0,0.0,0.0,1.0,1.0,0.0,0.0,1.0,1.0,1.0,1.0,1.0,0.0,0.0,0.0,0.0,0.599668786657416,0.5558565585903004,0.4369554148543256,0.08084273171746398,0.019842371014841136,0.38077323505356114,0.035773044228826247,0.49587858566173276,0.5,-7.725762299441832,46.59522421998537,18,2018
