x0,x1,x2,x3,x4,x5,x6,x7,x8,x9,x10,x11,x12,x13,x14,x15,x16,x17,x18,x19,x20,x21,x22,x23,x24,x25,x26,x27,x28,x29,f0,f1,run,seed
0.0,0.0,0.0,1.0,0.0,0.0,0.0,0.0,0.0,0.0,0.0,0.0,1.0,0.0,0.0,0.0,0.0,0.0,0.0,0.0,0.0,0.43041457049548626,0.5,0.5,0.039860605262219906,0.5,0.5,0.07706265524029732,0.5,0.5,-3.491220255252267,13.498336480478802,3,55
0.0,0.0,1.0,1.0,0.0,0.0,0.0,0.0,0.0,0.0,0.0,0.0,1.0,1.0,0.0,0.0,0.0,0.0,0.0,0.0,0.0,0.9283663099631667,0.5,0.5,0.8605781570076942,0.5,0.5,0.7155567454174161,0.001073368825018406,0.5,-3.7215506909402944,30.996297665823157,3,55
1.0,0.0,0.0,1.0,1.0,0.0,0.0,0.0,0.0,0.0,0.0,0.0,1.0,0.0,0.0,0.0,0.0,0.0,0.0,0.0,0.0,0.6673730360344052,0.5,0.5,0.4402377111837268,0.7996380543336272,0.5,0.32054542284458876,0.5,0.5,-3.7074434907471936,28.480234514752112,3,55
1.0,0.0,1.0,1.0,1.0,0.0,0.0,0.0,0.0,0.0,0.0,0.0,1.0,1.0,0.0,0.0,0.0,0.0,0.0,0.0,0.0,0.16159401461482048,0.5,0.5,0.6515197418630123,0.3365908460691571,0.5,0.9633117336779833,0.5269270408898592,0.5,-4.022981473156612,35.05288455391542,3,55
0.0,1.0,0.0,1.0,1.0,0.0,0.0,0.0,0.0,0.0,0.0,0.0,1.0,1.0,0.0,0.0,0.0,0.0,0.0,0.0,0.0,0.05441191606223583,0.5059927953407168,0.5,0.5759833548218012,0.5,0.5,0.4427738217636943,0.5,0.5,-3.4813464733127812,24.425468618336907,3,55
0.0,1.0,0.0,1.0,1.0,0.0,0.0,0.0,0.0,0.0,0.0,0.0,1.0,1.0,0.0,0.0,0.0,0.0,0.0,0.0,0.0,0.5563237881287932,0.3642602935433388,0.5,0.26967152673751116,0.5,0.5,0.8351666200906038,0.5,0.5,-3.604135612212994,26.224300911800437,3,55
1.0,0.0,2.0,1.0,1.0,0.0,0.0,0.0,0.0,0.0,0.0,0.0,1.0,1.0,1.0,0.0,0.0,0.0,0.0,0.0,0.0,0.7855627434328198,0.5,0.5,0.9138872604817152,0.7186677930876613,0.5,0.19110888615250587,0.9201840283349156,0.19236308988183737,-4.353332146640604,45.9370281147197,3,55
1.0,0.0,2.0,1.0,1.0,0.0,0.0,0.0,0.0,0.0,0.0,0.0,1.0,1.0,1.0,0.0,0.0,0.0,0.0,0.0,0.0,0.29144954308867455,0.5,0.5,0.2482619071379304,0.17732773814350367,0.5,0.5799614088609815,0.14059781841933727,0.8261762270703912,-4.058308444899132,36.428550450959044,3,55
0.0,1.0,1.0,1.0,1.0,0.0,0.0,0.0,0.0,0.0,0.0,0.0,1.0,0.0,0.0,1.0,0.0,0.0,0.0,0.0,0.0,0.35353859048336744,0.7052802313119173,0.5,0.36733187455683947,0.5,0.5,0.4310839297249913,0.4434345904737711,0.5,-3.728873842441613,31.307970546016115,3,55
2.0,0.0,0.0,1.0,1.0,1.0,0.0,0.0,0.0,0.0,0.0,0.0,1.0,0.0,0.0,0.0,0.0,0.0,0.0,0.0,0.0,0.8477676752954721,0.5,0.5,0.5330182556062937,0.07689840439707041,0.15473494306206703,0.7922267280519009,0.5,0.5,-3.9038260769457964,34.872240205635215,3,55
2.0,0.0,1.0,1.0,1.0,1.0,0.0,0.0,0.0,0.0,0.0,0.0,1.0,1.0,0.0,0.0,0.0,0.0,0.0,0.0,0.0,0.619000606238842,0.5,0.5,0.14279656950384378,0.2670894917100668,0.2538672797381878,0.18723530508577824,0.9654238829389215,0.5,-4.21433114091122,38.080607427529166,3,55
2.0,0.0,1.0,1.0,1.0,1.0,0.0,0.0,0.0,0.0,0.0,0.0,1.0,1.0,0.0,0.0,0.0,0.0,0.0,0.0,0.0,0.11694519314914942,0.5,0.5,0.9490473698824644,0.8701209463179111,0.8723080074414611,0.5448378277942538,0.24720935709774494,0.5,-4.014044114909807,45.49687429860786,3,55
2.0,0.0,2.0,1.0,1.0,1.0,0.0,0.0,0.0,0.0,0.0,0.0,1.0,1.0,1.0,0.0,0.0,0.0,0.0,0.0,0.0,0.22369140665978193,0.5,0.5,0.7785434052348137,0.9472628077492118,0.6232592426240444,0.049686724320054054,0.8305422570556402,0.12387822568416595,-4.038406954620093,48.969300893901604,3,55
0.0,2.0,0.0,1.0,1.0,1.0,0.0,0.0,0.0,0.0,0.0,0.0,1.0,1.0,1.0,0.0,0.0,0.0,0.0,0.0,0.0,0.7295701000839472,0.20775530487298965,0.5634721824899316,0.06720034684985876,0.5,0.5,0.6569308144971728,0.5,0.5,-3.6704097679547947,32.095336854637544,3,55
0.0,2.0,0.0,1.0,1.0,1.0,0.0,0.0,0.0,0.0,0.0,0.0,1.0,1.0,1.0,0.0,0.0,0.0,0.0,0.0,0.0,0.9910357370972633,0.5919777639210224,0.10071512497961521,0.7413592450320721,0.5,0.5,0.3009858103469014,0.5,0.5,-3.486426469217497,37.15320162333741,3,55
0.0,2.0,2.0,1.0,1.0,1.0,0.0,0.0,0.0,0.0,0.0,0.0,0.0,1.0,1.0,1.0,1.0,1.0,0.0,1.0,0.0,0.4929547617211938,0.2939956849440932,0.9697942100465298,0.42070272099226713,0.5,0.5,0.9125021211802959,0.6028382759541273,0.37207701057195663,-3.7137391920240366,53.23829146015571,3,55
0.0,2.0,2.0,1.0,1.0,1.0,0.0,0.0,0.0,0.0,0.0,0.0,1.0,0.0,1.0,1.0,0.0,0.0,1.0,1.0,1.0,0.45155276264995337,0.6048559490591288,0.3459609393030405,0.9018390057608485,0.5,0.5,0.7432108446955681,0.35945310443639755,0.37695319298654795,-3.8225104537262182,49.61481400392344,3,55
1.0,1.0,0.0,1.0,1.0,1.0,0.0,0.0,0.0,0.0,0.0,0.0,1.0,1.0,0.0,0.0,0.0,0.0,0.0,0.0,0.0,0.9379612263292074,0.27391440514475107,0.5,0.19001004472374916,0.7526147197932005,0.5,0.1048551881685853,0.5,0.5,-3.827005560747756,33.96848226021277,3,55
1.0,1.0,1.0,0.0,1.0,1.0,0.0,0.0,0.0,0.0,0.0,0.0,0.0,1.0,1.0,1.0,0.0,0.0,0.0,0.0,0.0,0.7165473438799381,0.8934922413900495,0.5,0.6107452576979995,0.591235906817019,0.5,0.9998505106195807,0.8541254131123424,0.5,-7.0992897904400305,51.518121899600914,3,55
1.0,1.0,1.0,1.0,1.0,0.0,1.0,0.0,0.0,0.0,0.0,0.0,1.0,0.0,0.0,1.0,0.0,0.0,0.0,0.0,0.0,0.20668659824877977,0.2205123659223318,0.5,0.2896018773317337,0.053786846809089184,0.5,0.3569780122488737,0.07337851822376251,0.5,-7.016553923667078,29.281886901622972,3,55
1.0,1.0,2.0,1.0,1.0,0.0,1.0,0.0,0.0,0.0,0.0,0.0,1.0,1.0,0.0,1.0,0.0,1.0,0.0,0.0,0.0,0.06388285662978888,0.7802283940836787,0.5,0.4984285291284323,0.13078439980745316,0.5,0.8618288179859519,0.9731384105980396,0.9555345708504319,-7.249902550803588,53.8081499343609,3,55
2.0,1.0,1.0,1.0,1.0,1.0,0.0,1.0,1.0,0.0,0.0,0.0,0.0,1.0,1.0,0.0,0.0,0.0,0.0,0.0,0.0,0.5775821413844824,0.10726329684257507,0.5,0.6636290112510324,0.7339603397995234,0.6881895121186972,0.4695441108196974,0.19312290009111166,0.5,-7.322854030458411,48.40642105875113,3,55
2.0,1.0,2.0,0.0,1.0,1.0,1.0,1.0,0.0,0.0,0.0,0.0,1.0,0.0,0.0,1.0,0.0,1.0,0.0,0.0,0.0,0.8307793028652668,0.7258483730256557,0.5,0.01999126560986042,0.9221909092739224,0.841018183156848,0.6136161759495735,0.4989844402298331,0.339189431630075,-8.11485129409201,60.429293209953705,3,55
2.0,1.0,2.0,1.0,1.0,0.0,0.0,0.0,1.0,0.0,0.0,0.0,0.0,1.0,1.0,0.0,1.0,0.0,0.0,0.0,0.0,0.3405036898329854,0.39492256846278906,0.5,0.8257552133873105,0.46306521352380514,0.2851270632818341,0.22462713066488504,0.7180543206632137,0.7047711769118905,-7.476181418639733,52.73174689569551,3,55
1.0,2.0,1.0,0.0,1.0,1.0,1.0,1.0,0.0,0.0,0.0,0.0,1.0,1.0,0.0,1.0,0.0,1.0,0.0,0.0,0.0,0.2781801987439394,0.9481285158544779,0.8916977494955063,0.6987886438146234,0.8237066837027669,0.5,0.7642052182927728,0.8971053585410118,0.5,-7.410357363978152,61.50303290014193,3,55
1.0,2.0,1.0,1.0,0.0,1.0,1.0,0.0,1.0,0.0,0.0,0.0,1.0,1.0,1.0,0.0,1.0,1.0,0.0,0.0,0.0,0.768312300555408,0.1813981020823121,0.022618552669882774,0.39296366833150387,0.28225266840308905,0.5,0.40317051112651825,0.1788279814645648,0.5,-7.282201564898865,42.909333606794874,3,55
1.0,2.0,2.0,0.0,1.0,1.0,0.0,0.0,1.0,0.0,0.0,0.0,0.0,1.0,1.0,1.0,1.0,1.0,0.0,0.0,1.0,0.51467149797827,0.5501204924657941,0.5478147091343999,0.7827905910089612,0.12380711734294891,0.5,0.5081762727349997,0.3868767349049449,0.30482196621596813,-7.50454551759856,52.712177931489016,3,55
2.0,2.0,0.0,1.0,1.0,0.0,0.0,1.0,1.0,1.0,1.0,0.0,1.0,1.0,1.0,0.0,0.0,0.0,0.0,0.0,0.0,0.001088067889213562,0.3129294868558645,0.4284904105588794,0.11765113659203053,0.5202345717698336,0.06938821170479059,0.15043722745031118,0.5,0.5,-3.830511107593103,38.616977442137454,3,55
2.0,2.0,1.0,1.0,1.0,1.0,1.0,1.0,0.0,0.0,0.0,1.0,1.0,1.0,0.0,1.0,0.0,1.0,0.0,0.0,0.0,0.14435619302093983,0.6868032393977046,0.12804894987493753,0.1704745776951313,0.6623835796490312,0.31642271019518375,0.6299012210220098,0.2527192421257496,0.5,-7.79986693985852,51.253945519845914,3,55
2.0,2.0,2.0,1.0,1.0,0.0,1.0,0.0,0.0,0.0,1.0,1.0,0.0,0.0,1.0,0.0,1.0,0.0,1.0,0.0,0.0,0.6540877325460315,0.44962701201438904,0.7550626685842872,0.9916789857670665,0.1994360340759158,0.8074334720149636,0.022795564495027065,0.534624851308763,0.6050289031118155,-10.754310857630648,63.86679078167006,3,55
2.0,2.0,2.0,0.0,1.0,1.0,1.0,0.0,0.0,1.0,0.0,0.0,0.0,1.0,0.0,1.0,0.0,0.0,0.0,0.0,1.0,0.004943301907728252,0.25582059609179186,0.5601825163231786,0.17250891024055304,0.004807242631013879,0.5175595239882591,0.0012313559042805731,0.0904658931215195,0.5006316358287862,-7.44805443247801,45.87813882677523,3,55
2.0,2.0,2.0,0.0,1.0,0.0,1.0,0.0,0.0,0.0,0.0,1.0,0.0,1.0,0.0,1.0,0.0,0.0,0.0,0.0,1.0,6.678685382510707e-17,2.7755575615628914e-17,0.5031797927222871,0.0,3.469446951953614e-18,0.9143924907211175,0.0,0.0,0.5017255182208089,-10.430251214077012,44.76903738027987,3,55
2.0,2.0,2.0,0.0,1.0,0.0,1.0,0.0,0.0,0.0,0.0,1.0,0.0,1.0,0.0,1.0,0.0,0.0,0.0,0.0,1.0,0.0,0.0,0.5707300904135395,0.0,0.0,0.9105361409545658,3.469446951953614e-18,1.214306433183765e-17,0.5017417147251969,-10.436396353103481,45.253796986802705,3,55
2.0,2.0,2.0,0.0,1.0,0.0,1.0,0.0,0.0,0.0,0.0,1.0,0.0,1.0,0.0,1.0,0.0,0.0,0.0,0.0,1.0,1.9081958235744878e-17,3.469446951953614e-18,0.46426192025222457,0.0,0.0,0.9083445213947569,1.5612511283791264e-17,1.3877787807814457e-17,0.5027151045382393,-10.424098451170705,44.475131669771955,3,55
2.0,2.0,2.0,0.0,1.0,0.0,1.0,0.0,0.0,0.0,0.0,1.0,0.0,1.0,0.0,1.0,0.0,0.0,0.0,0.0,1.0,0.00018866919758741085,0.10701321178162704,0.4645356549416386,3.1229861462466094e-18,0.00027129881582014197,0.9134866238875792,6.892041050682559e-06,0.0007734223424887696,0.5040578393005055,-10.429707379826734,44.60229312295226,3,55
2.0,2.0,2.0,0.0,1.0,1.0,1.0,0.0,0.0,1.0,0.0,0.0,0.0,1.0,0.0,1.0,0.0,0.0,0.0,0.0,1.0,0.04543408046391372,0.24116751724211563,0.564963030250887,0.02275088059671611,0.003478792776471572,0.5717604663831057,0.0009869130197215233,0.09324109504497331,0.4378631931327082,-7.656262552467611,44.936352813856324,3,55
2.0,2.0,2.0,0.0,0.0,1.0,1.0,0.0,0.0,0.0,1.0,0.0,0.0,1.0,0.0,1.0,0.0,0.0,0.0,0.0,1.0,0.004736534804733308,0.031026756030420214,0.4987332573745496,0.01562510876919511,0.007371710592859799,0.8504819881074795,0.0033805384663111514,0.04734256941399839,0.5002472119495993,-10.412408861641524,44.79473445833875,3,55
2.0,2.0,2.0,0.0,1.0,1.0,1.0,0.0,0.0,1.0,0.0,0.0,0.0,1.0,0.0,1.0,0.0,0.0,0.0,0.0,1.0,0.004420387756723413,0.02264502801689443,0.5193483508849552,0.011893728476733022,0.002893390013373091,0.776110815568729,0.0015937058046882444,0.04585245712244949,0.5013102806646687,-7.677024544421993,45.42971159272494,3,55
2.0,2.0,2.0,0.0,1.0,1.0,1.0,0.0,0.0,1.0,0.0,0.0,0.0,1.0,0.0,1.0,0.0,0.0,0.0,0.0,1.0,0.0037179668010111546,0.17116469935501827,0.5203595878979277,0.022056185335775354,0.002822660330586874,0.6386364481189082,0.000942901718589731,0.09160960023278411,0.49879759929866097,-7.65632365232425,45.129789318309925,3,55
2.0,2.0,2.0,1.0,1.0,1.0,1.0,1.0,1.0,1.0,0.0,1.0,1.0,0.0,1.0,0.0,1.0,1.0,0.0,1.0,1.0,0.8379196738824248,0.8713884269818664,0.19976695999503136,0.15939274430274963,0.13981366343796253,0.5253035435453057,0.9764616563916206,0.9180829711258411,0.2639510137960315,-11.346778400188152,70.90737161763678,3,55
0.0,1.0,0.0,1.0,1.0,0.0,0.0,0.0,0.0,0.0,0.0,0.0,1.0,1.0,0.0,0.0,0.0,0.0,0.0,0.0,0.0,0.08806065847285711,0.3901138187674532,0.5,0.19339847715117048,0.5,0.5,0.8787079988713524,0.5,0.5,-3.653806702283465,24.05224315428313,3,55
0.0,1.0,1.0,1.0,1.0,0.0,0.0,0.0,0.0,0.0,0.0,0.0,1.0,1.0,1.0,0.0,0.0,0.0,0.0,0.0,0.0,0.0,0.23962675717945722,0.5,2.6623252628733196e-17,0.5,0.5,0.20697054671296802,0.0004367661948521673,0.5,-4.102122939369999,22.14639075674132,3,55
1.0,1.0,0.0,0.0,1.0,1.0,0.0,0.0,0.0,0.0,0.0,0.0,1.0,1.0,0.0,0.0,0.0,0.0,0.0,0.0,0.0,0.002990293868270167,0.2726595861724916,0.5,2.1035094026412758e-17,0.38264890061199647,0.5,0.1949837074026831,0.5,0.5,-3.8349144406710955,23.986260990612287,3,55
0.0,1.0,0.0,1.0,1.0,0.0,0.0,0.0,0.0,0.0,0.0,0.0,1.0,1.0,0.0,0.0,0.0,0.0,0.0,0.0,0.0,0.0012142528067808573,0.24836458880743714,0.5,0.0012486738015311982,0.5,0.5,0.9990734358935468,0.5,0.5,-3.886929333614232,22.93373776185403,3,55
1.0,1.0,0.0,0.0,1.0,1.0,0.0,0.0,0.0,0.0,0.0,0.0,1.0,1.0,0.0,0.0,0.0,0.0,0.0,0.0,0.0,0.0,0.03279830411036771,0.5,2.0292042319773397e-17,0.2597318452386097,0.5,0.20449333908254597,0.5,0.5,-3.836046592653035,22.792881207194547,3,55
0.0,1.0,0.0,1.0,1.0,0.0,0.0,0.0,0.0,0.0,0.0,0.0,1.0,1.0,0.0,0.0,0.0,0.0,0.0,0.0,0.0,0.000884738738307846,0.24223344265436836,0.5,0.14563756103327424,0.5,0.5,0.982984409644968,0.5,0.5,-3.7259058382359886,23.68247658858921,3,55
0.0,1.0,0.0,1.0,1.0,0.0,0.0,0.0,0.0,0.0,0.0,0.0,1.0,1.0,0.0,0.0,0.0,0.0,0.0,0.0,0.0,0.0,0.23812670999184501,0.5,0.1106103439349595,0.5,0.5,0.9697298860582035,0.5,0.5,-3.747779984005729,23.37897169003976,3,55
0.0,1.0,0.0,1.0,1.0,0.0,0.0,0.0,0.0,0.0,0.0,0.0,1.0,1.0,0.0,0.0,0.0,0.0,0.0,0.0,0.0,0.03162187010406631,0.2937367465623177,0.5,0.17136084227641418,0.5,0.5,0.8861755728531885,0.5,0.5,-3.6693412832321726,23.45618702342687,3,55
0.0,1.0,0.0,1.0,1.0,0.0,0.0,0.0,0.0,0.0,0.0,0.0,1.0,1.0,0.0,0.0,0.0,0.0,0.0,0.0,0.0,0.0,0.23138041871454817,0.5,0.038854761068689125,0.5,0.5,1.0,0.5,0.5,-3.837147299842841,23.107886853563773,3,55
0.0,1.0,0.0,1.0,1.0,0.0,0.0,0.0,0.0,0.0,0.0,0.0,1.0,1.0,0.0,0.0,0.0,0.0,0.0,0.0,0.0,3.903127820947816e-18,0.24539512357462714,0.5,0.06842868322522819,0.5,0.5,1.0,0.5,0.5,-3.803438922979738,23.332103466070816,3,55
0.0,1.0,1.0,1.0,1.0,0.0,0.0,0.0,0.0,0.0,0.0,0.0,1.0,1.0,1.0,1.0,0.0,0.0,0.0,0.0,0.0,0.20150683209562428,0.4857688615983161,0.5,0.0034530752770280575,0.5,0.5,0.19749378609901172,0.47971471320799486,0.5,-4.093988923542397,27.520004179462376,3,55
0.0,1.0,0.0,1.0,1.0,0.0,0.0,0.0,0.0,0.0,0.0,0.0,1.0,1.0,0.0,0.0,0.0,0.0,0.0,0.0,0.0,0.0012312552041591949,0.10667653617093954,0.5,0.02633647320365016,0.5,0.5,0.4908212986804767,0.5,0.5,-3.6651073558941945,19.682616426816416,3,55
0.0,0.0,2.0,1.0,0.0,0.0,0.0,0.0,0.0,0.0,0.0,0.0,1.0,1.0,1.0,0.0,0.0,0.0,0.0,0.0,0.0,6.765421556309548e-17,0.5,0.5,2.970713952610282e-17,0.5,0.5,0.0,0.0,0.0,-3.747166128442305,19.5,3,55
1.0,2.0,1.0,1.0,1.0,1.0,0.0,1.0,0.0,0.0,0.0,0.0,1.0,1.0,1.0,1.0,0.0,0.0,0.0,0.0,0.0,2.352491713771469e-19,0.43440043827670133,0.4990931414781856,4.078058349137837e-18,0.06487400033913666,0.5,0.3631818008585045,0.04314486067462696,0.5,-7.297254012681495,35.891787903752494,3,55
0.0,1.0,1.0,1.0,1.0,0.0,0.0,0.0,0.0,0.0,0.0,0.0,1.0,1.0,1.0,1.0,0.0,0.0,0.0,0.0,0.0,0.18314889953537597,0.48294889669411306,0.5,0.0,0.5,0.5,0.2595006007699638,0.4663148491699618,0.5,-4.102234237420993,27.722374793173117,3,55
1.0,2.0,1.0,1.0,1.0,1.0,0.0,1.0,0.0,0.0,0.0,0.0,1.0,1.0,1.0,1.0,0.0,0.0,0.0,0.0,0.0,1.0051804472798339e-17,0.008347146184050205,0.183323187086756,0.37714911419194563,0.003144741981241143,0.5,0.49669285853185563,0.001112698179152252,0.5,-7.185434057340411,35.50433593771661,3,55
0.0,1.0,0.0,1.0,1.0,0.0,0.0,0.0,0.0,0.0,0.0,0.0,1.0,1.0,0.0,0.0,0.0,0.0,0.0,0.0,0.0,2.929202288791638e-17,0.006895766470497406,0.5,1.5436382182200108e-17,0.5,0.5,0.15544163482443998,0.5,0.5,-3.6447743566925075,17.432982670113148,3,55
1.0,2.0,1.0,1.0,1.0,1.0,0.0,1.0,0.0,0.0,0.0,0.0,1.0,1.0,1.0,1.0,0.0,0.0,0.0,0.0,0.0,0.0,0.07382482257827452,0.3724529029130028,0.0034294952667551625,9.210610717659516e-18,0.5,0.7414925313985137,7.577789381633479e-17,0.5,-7.418357900502883,35.478731045210864,3,55
0.0,1.0,0.0,1.0,1.0,0.0,0.0,0.0,0.0,0.0,0.0,0.0,1.0,1.0,0.0,0.0,0.0,0.0,0.0,0.0,0.0,6.245004513516506e-17,4.163336342344337e-17,0.5,0.0,0.5,0.5,0.25379763501085617,0.5,0.5,-3.652558092271826,18.022785810065137,3,55
1.0,2.0,2.0,1.0,0.0,1.0,0.0,1.0,1.0,0.0,0.0,0.0,1.0,0.0,0.0,0.0,1.0,0.0,0.0,0.0,1.0,0.04425031691789627,0.5742320772260427,0.3937475625425577,0.9876915002241731,0.14052615594118834,0.5,0.8762425724416971,0.6093341549858451,0.7759551471099257,-7.427391440470132,55.745661168713106,3,55
1.0,1.0,1.0,1.0,0.0,0.0,1.0,0.0,0.0,0.0,0.0,0.0,1.0,1.0,1.0,1.0,0.0,0.0,0.0,0.0,0.0,4.567426893789695e-16,8.847089727481716e-17,0.5,0.0,0.0,0.5,0.0,0.0,0.5,-7.263299429585618,25.0,3,55
1.0,1.0,1.0,1.0,1.0,1.0,1.0,0.0,0.0,0.0,0.0,0.0,1.0,1.0,1.0,1.0,0.0,0.0,0.0,0.0,0.0,3.469446951953614e-18,0.134589023123032,0.5,7.22849045481067e-18,2.0816681711721685e-17,0.5,0.1520564757138363,1.1796119636642288e-16,0.5,-7.420225828540099,28.039138290299505,3,55
1.0,1.0,1.0,1.0,0.0,0.0,1.0,0.0,0.0,0.0,0.0,0.0,1.0,0.0,0.0,1.0,0.0,0.0,0.0,0.0,0.0,2.42861286636753e-16,0.0,0.5,0.0,0.0,0.5,0.0,4.85722573273506e-17,0.5,-6.965699948875898,23.0,3,55
1.0,1.0,1.0,1.0,0.0,0.0,1.0,0.0,0.0,0.0,0.0,0.0,1.0,1.0,1.0,1.0,0.0,0.0,0.0,0.0,0.0,3.1636813598942444e-16,1.3183898417423734e-16,0.5,0.0,0.0,0.5,0.0,0.0,0.5,-7.263299429585618,25.0,3,55
1.0,1.0,1.0,1.0,1.0,1.0,1.0,0.0,0.0,0.0,0.0,0.0,1.0,1.0,1.0,1.0,0.0,0.0,0.0,0.0,0.0,1.4304899451945722e-17,0.047884271719570486,0.5,0.18371691019197134,0.0,0.5,0.0,0.0,0.5,-7.356778222744638,28.118351785498625,3,55
1.0,1.0,1.0,1.0,0.0,0.0,1.0,0.0,0.0,0.0,0.0,0.0,1.0,1.0,0.0,1.0,0.0,0.0,0.0,0.0,0.0,7.45931094670027e-17,0.018794777142024814,0.5,0.0,6.938893903907228e-18,0.5,0.0,0.0,0.5,-7.089854150868728,24.00247270553473,3,55
1.0,1.0,1.0,1.0,1.0,0.0,1.0,0.0,0.0,0.0,0.0,0.0,1.0,0.0,0.0,1.0,0.0,0.0,0.0,0.0,0.0,0.02181196562124521,0.050588306612622536,0.5,0.00010860293593038086,0.018803565755418198,0.5,0.028939515345838975,0.020569479230022343,0.5,-7.041905399274927,24.431771549874625,3,55
1.0,1.0,1.0,1.0,1.0,1.0,1.0,0.0,0.0,0.0,0.0,0.0,1.0,1.0,0.0,1.0,0.0,0.0,0.0,0.0,0.0,0.0027895761516883773,0.04527456481823591,0.5,2.3776711912449965e-17,0.0,0.5,0.09713324527486392,0.0,0.5,-7.2732050103789225,26.59720244733129,3,55
1.0,1.0,1.0,1.0,1.0,1.0,1.0,0.0,0.0,0.0,0.0,0.0,1.0,1.0,1.0,1.0,0.0,0.0,0.0,0.0,0.0,1.4685489228830683e-15,0.07558838951735468,0.5,0.04758726763614182,2.433692348166822e-16,0.5,3.716762977979608e-15,6.014344019992102e-17,0.5,-7.396235289116213,27.32551883822567,3,55
1.0,1.0,1.0,1.0,1.0,0.0,1.0,0.0,0.0,0.0,0.0,0.0,1.0,0.0,0.0,1.0,0.0,0.0,0.0,0.0,0.0,0.18199482703567632,0.129269505855454,0.5,0.00788205972736514,0.014458399651296382,0.5,0.03257381575257633,0.027838142038649667,0.5,-7.056544568574033,24.845343558502336,3,55
2.0,1.0,1.0,1.0,1.0,1.0,1.0,1.0,1.0,0.0,0.0,0.0,1.0,1.0,1.0,1.0,0.0,0.0,0.0,0.0,0.0,0.13062081662427394,0.13822683883501985,0.5,0.20323960304430166,0.002770605937917813,0.5166492099362363,0.8205008269525942,0.014349854439156888,0.5,-7.664960831650055,42.09823979883065,3,55
2.0,1.0,1.0,1.0,1.0,1.0,1.0,1.0,0.0,0.0,0.0,0.0,1.0,1.0,1.0,0.0,0.0,0.0,0.0,0.0,0.0,0.1102070990271892,0.11263405869482211,0.5,0.20697971091880066,0.0677639809650459,0.5115503853590828,0.7854323394856814,0.3641465503219309,0.5,-7.521945702156357,42.289062053281654,3,55
2.0,1.0,1.0,1.0,1.0,1.0,0.0,1.0,1.0,0.0,0.0,0.0,1.0,1.0,1.0,0.0,0.0,0.0,0.0,0.0,0.0,0.09374745730276766,0.22939602205367957,0.5,0.23675303638970385,4.851103582323953e-19,0.5165809570396483,0.9998388634065292,0.02832843098658925,0.5,-7.671546163783848,41.61888557172833,3,55
2.0,1.0,1.0,1.0,1.0,1.0,1.0,1.0,0.0,0.0,0.0,0.0,1.0,1.0,1.0,1.0,0.0,0.0,0.0,0.0,0.0,0.14702789784913767,0.11043340800516965,0.5,0.232250076303846,0.06821409153898246,0.512923521288491,0.46224151204750435,0.2358992585231405,0.5,-7.5551303719604865,40.80585994065879,3,55
2.0,1.0,1.0,1.0,1.0,1.0,0.0,1.0,1.0,0.0,0.0,0.0,1.0,1.0,1.0,1.0,0.0,0.0,0.0,0.0,0.0,0.1418358873650645,0.12691647529762906,0.5,0.07865826154614806,0.0,0.5145103468728767,0.8971762782611241,0.0,0.5,-7.706509563951496,40.69564579460716,3,55
2.0,1.0,1.0,1.0,1.0,1.0,1.0,1.0,0.0,0.0,0.0,0.0,1.0,1.0,1.0,0.0,0.0,0.0,0.0,0.0,0.0,0.11092493114519182,0.23910309182964973,0.5,0.2352530571056798,0.001709129348024787,0.5151227905631851,0.8075400430964168,0.26969484481807043,0.5,-7.535684781043563,41.9622415916927,3,55
2.0,1.0,1.0,1.0,1.0,1.0,1.0,1.0,1.0,0.0,0.0,0.0,1.0,1.0,1.0,1.0,0.0,0.0,0.0,0.0,0.0,0.13298871883095176,0.12163529627531237,0.5,0.18823539351063795,0.0,0.5220015008819846,0.18783901202341066,0.0,0.5,-7.505026495914206,38.11582345095017,3,55
2.0,1.0,1.0,1.0,1.0,1.0,1.0,1.0,1.0,0.0,0.0,0.0,1.0,1.0,1.0,1.0,0.0,0.0,0.0,0.0,0.0,0.13367310956896938,0.13084923343965976,0.5,0.19060093112944726,4.031675875120228e-18,0.5209207399126904,0.05158611127727296,1.734723475976807e-18,0.5,-7.498836788710126,37.323576848711554,3,55
2.0,1.0,1.0,1.0,1.0,1.0,1.0,1.0,1.0,0.0,0.0,0.0,1.0,1.0,1.0,1.0,0.0,0.0,0.0,0.0,0.0,0.1448239390934505,0.1366588308834589,0.5,0.19868442670227382,0.0,0.5176733464156976,0.5210685909793921,0.004449986229114607,0.5,-7.559056306193845,40.22880536770971,3,55
2.0,2.0,1.0,1.0,0.0,1.0,0.0,0.0,1.0,0.0,1.0,1.0,0.0,1.0,0.0,1.0,0.0,1.0,0.0,0.0,0.0,0.30253799352794886,0.007844663225114346,0.7215611971914768,0.9728864720091224,0.662681482732296,0.22578846756368876,0.8381176553666592,0.560090939514339,0.5,-7.397280478397932,57.343079466046646,3,55
0.0,0.0,0.0,1.0,0.0,0.0,0.0,0.0,0.0,0.0,0.0,0.0,1.0,0.0,0.0,0.0,0.0,0.0,0.0,0.0,0.0,0.2124381338640013,0.5,0.5,0.0,0.5,0.5,2.862293735361732e-17,0.5,0.5,-3.4933139084392155,11.815909725037336,3,55
2.0,2.0,2.0,0.0,1.0,1.0,1.0,0.0,0.0,1.0,0.0,0.0,0.0,0.0,1.0,0.0,1.0,0.0,1.0,0.0,0.0,0.05840448915826068,0.14911359458642598,0.565233115820093,0.9396439854395817,0.013402497510917299,0.86737671701249,0.012687590602379135,0.2844615981271701,0.4885420883834064,-7.503788133635241,53.55262782810376,3,55
2.0,2.0,2.0,0.0,1.0,1.0,1.0,0.0,0.0,1.0,0.0,0.0,0.0,0.0,1.0,0.0,1.0,0.0,1.0,0.0,0.0,0.07500924566887199,0.16360693179239633,0.5821278908739058,1.0,2.9004640959424886e-19,0.8628738273000809,0.0034287293809603177,0.3535041614383932,0.33391514704845376,-7.549146349251398,53.421196665804786,3,55
0.0,0.0,0.0,1.0,0.0,0.0,0.0,0.0,0.0,0.0,0.0,0.0,1.0,0.0,0.0,0.0,0.0,0.0,0.0,0.0,0.0,0.2475610637960341,0.5,0.5,0.0,0.5,0.5,0.0,0.5,0.5,-3.49605484133308,11.929005362154768,3,55
2.0,2.0,2.0,0.0,1.0,1.0,1.0,0.0,0.0,1.0,0.0,0.0,0.0,0.0,1.0,0.0,1.0,0.0,1.0,0.0,0.0,0.018818832100424933,0.1618552807245877,0.6473035814371785,0.952752096817108,0.05220993244214631,0.8583416127216973,0.017784662186953397,0.3029019701936167,0.4932302782011766,-7.516046466578465,54.68219576354639,3,55
0.0,0.0,0.0,1.0,0.0,0.0,0.0,0.0,0.0,0.0,0.0,0.0,1.0,0.0,0.0,0.0,0.0,0.0,0.0,0.0,0.0,0.34578104020198513,0.5,0.5,0.008168227188346108,0.5,0.5,0.009695104928087618,0.5,0.5,-3.4999561935687713,12.444131687040771,3,55
2.0,2.0,2.0,0.0,1.0,1.0,1.0,0.0,0.0,1.0,0.0,0.0,0.0,0.0,1.0,0.0,1.0,0.0,1.0,0.0,0.0,0.07509620276879006,0.13515535452434008,0.6201697299513277,0.9727665811240531,0.012101458882880813,0.858446232351552,0.02007534462166605,0.4359399650894655,0.3160481588711068,-7.513667940784918,54.051884769967906,3,55
2.0,2.0,2.0,0.0,1.0,1.0,1.0,0.0,0.0,1.0,0.0,0.0,0.0,0.0,1.0,0.0,1.0,0.0,1.0,0.0,0.0,0.0697128701983038,0.1585658667234779,0.6002598436536783,0.9295052229123665,0.022279940642205318,0.8684289905042883,0.00989507709021758,0.28286739693123025,0.4916340751618393,-7.495422716726767,53.859868507302224,3,55
2.0,2.0,2.0,0.0,1.0,1.0,1.0,0.0,0.0,1.0,0.0,0.0,0.0,0.0,1.0,0.0,1.0,0.0,1.0,0.0,0.0,0.05837951335077876,0.154954922369714,0.5842009633503003,0.9999865616857712,0.006275200641315662,0.8639035870844977,0.08725024040888102,0.2835757076515852,0.32844176751146414,-7.547521405534414,53.497568117776765,3,55
2.0,2.0,2.0,0.0,1.0,1.0,1.0,0.0,0.0,1.0,0.0,0.0,0.0,0.0,1.0,0.0,1.0,0.0,1.0,0.0,0.0,0.07217291046979002,0.15391519107222715,0.5816587622490236,0.9968236142184348,0.018378110359382107,0.8607160291211287,0.09377352204007915,0.2970994211837345,0.3111311135705852,-7.542154266872497,53.53811097820689,3,55
0.0,0.0,0.0,1.0,0.0,0.0,0.0,0.0,0.0,0.0,0.0,0.0,1.0,0.0,0.0,0.0,0.0,0.0,0.0,0.0,0.0,0.15602112543766508,0.5,0.5,0.00048366796105992914,0.5,0.5,0.8439067444857719,0.5,0.5,-3.5968049957258286,16.73674061576084,3,55
0.0,0.0,0.0,1.0,0.0,0.0,0.0,0.0,0.0,0.0,0.0,0.0,1.0,0.0,0.0,0.0,0.0,0.0,0.0,0.0,0.0,0.6795101786142179,0.5,0.5,0.006520537205008036,0.5,0.5,0.04382911437472051,0.5,0.5,-3.5423845786765455,15.034236489360655,3,55
0.0,0.0,0.0,1.0,0.0,0.0,0.0,0.0,0.0,0.0,0.0,0.0,1.0,0.0,0.0,0.0,0.0,0.0,0.0,0.0,0.0,0.15496132499598006,0.5,0.5,0.00048991489080678,0.5,0.5,0.8438947547369491,0.5,0.5,-3.596710765431915,16.734399103478104,3,55
0.0,0.0,0.0,1.0,0.0,0.0,0.0,0.0,0.0,0.0,0.0,0.0,1.0,0.0,0.0,0.0,0.0,0.0,0.0,0.0,0.0,0.6771062216268184,0.5,0.5,0.006892753407456812,0.5,0.5,0.04718233210468179,0.5,0.5,-3.5418265760025087,15.033760360633053,3,55
0.0,0.0,0.0,1.0,0.0,0.0,0.0,0.0,0.0,0.0,0.0,0.0,1.0,0.0,0.0,0.0,0.0,0.0,0.0,0.0,0.0,0.15750655266912414,0.5,0.5,8.539561593249895e-05,0.5,0.5,0.8439031267268717,0.5,0.5,-3.597225814181965,16.73758933299281,3,55
0.0,0.0,0.0,1.0,0.0,0.0,0.0,0.0,0.0,0.0,0.0,0.0,1.0,0.0,0.0,0.0,0.0,0.0,0.0,0.0,0.0,0.1505111202266934,0.5,0.5,0.000399623019670929,0.5,0.5,0.8439097689586724,0.5,0.5,-3.596425251118203,16.72443153305332,3,55
0.0,0.0,0.0,1.0,0.0,0.0,0.0,0.0,0.0,0.0,0.0,0.0,1.0,0.0,0.0,0.0,0.0,0.0,0.0,0.0,0.0,0.13109817120457787,0.5,0.5,8.945207175056405e-05,0.5,0.5,0.849959292413061,0.5,0.5,-3.5969178311617975,16.720599580361164,3,55
0.0,0.0,0.0,1.0,0.0,0.0,0.0,0.0,0.0,0.0,0.0,0.0,1.0,0.0,0.0,0.0,0.0,0.0,0.0,0.0,0.0,0.15064550963590367,0.5,0.5,0.0004915163219956261,0.5,0.5,0.8447586534283105,0.5,0.5,-3.5966125237611517,16.730359505516066,3,55
0.0,0.0,0.0,1.0,0.0,0.0,0.0,0.0,0.0,0.0,0.0,0.0,1.0,0.0,0.0,0.0,0.0,0.0,0.0,0.0,0.0,0.6782407364171007,0.5,0.5,0.005891393132080236,0.5,0.5,0.04563646437538758,0.5,0.5,-3.542633465658298,15.029240620794084,3,55
2.0,2.0,2.0,0.0,0.0,1.0,1.0,1.0,0.0,0.0,1.0,0.0,0.0,1.0,0.0,0.0,0.0,1.0,1.0,1.0,0.0,0.900575490668416,0.5696435635909438,0.06965694576501846,0.934477599337697,0.2878310913220048,0.17591712344437838,0.4564832029864192,0.34614920523017645,0.5124288471415639,-10.660677649240755,60.76239707495935,3,55
2.0,2.0,2.0,1.0,1.0,1.0,1.0,1.0,1.0,1.0,0.0,1.0,1.0,1.0,1.0,1.0,0.0,0.0,1.0,1.0,0.0,0.19502192694549617,0.1291112094983084,0.35195735546451073,0.0,0.026716876686428016,0.3061459197252386,1.0,0.05012701370622525,0.0053753612940623495,-11.368982542188153,52.080231683784284,3,55
2.0,2.0,2.0,0.0,1.0,0.0,0.0,1.0,1.0,1.0,1.0,1.0,1.0,0.0,1.0,0.0,1.0,1.0,1.0,1.0,1.0,0.7952963588759303,0.007526627741754055,0.07761168666183949,0.34374925028532743,0.05389108695089817,0.5322300381958485,0.3678756859153509,0.7747242096811533,0.07343189511448145,-11.0473977894327,58.845448654169154,3,55
1.0,2.0,2.0,0.0,1.0,1.0,1.0,1.0,0.0,0.0,0.0,0.0,0.0,1.0,0.0,1.0,1.0,0.0,0.0,1.0,1.0,0.9747249567881227,0.7182897850871086,0.49773220997303724,0.40156399738043547,0.13923646975308657,0.5,0.5277680931612849,0.11975135002285242,0.8540399381890893,-7.596203236365186,58.25052325817565,3,55
1.0,2.0,2.0,1.0,1.0,1.0,0.0,1.0,1.0,0.0,0.0,0.0,1.0,0.0,1.0,1.0,1.0,1.0,1.0,1.0,1.0,0.13717556465417147,0.12274288758635521,0.7989639546722174,0.4985876167193055,0.45465598348528147,0.5,0.40213816054165363,0.9451624043285847,0.1505032256245613,-7.408183691426533,57.4118688141932,3,55
2.0,1.0,2.0,1.0,1.0,0.0,1.0,0.0,1.0,0.0,0.0,0.0,1.0,0.0,1.0,0.0,1.0,1.0,0.0,0.0,0.0,0.8701379830017686,0.9266864461824298,0.5,0.12959194462746382,0.9319901550188661,0.7114509716629982,0.963491546921432,0.7412398997694254,0.47218115627765656,-8.260432653919413,68.51088919867131,3,55
0.0,2.0,2.0,1.0,1.0,1.0,0.0,0.0,0.0,0.0,0.0,0.0,1.0,0.0,0.0,0.0,1.0,1.0,1.0,0.0,1.0,0.8873666133731604,0.4973727762699127,0.968771405518055,0.41683002281934023,0.5,0.5,0.2558412058278918,0.5018539689481258,0.7662178194150329,-3.7146535774460956,54.957678650834886,3,55
2.0,2.0,2.0,1.0,1.0,0.0,1.0,1.0,0.0,0.0,0.0,1.0,1.0,1.0,0.0,0.0,1.0,1.0,1.0,1.0,0.0,0.8119227876886725,0.8455637525767088,0.3491719700396061,0.08237707521766424,0.6281405119225383,0.6598014375194907,0.7214291766285896,0.8958341283723712,0.61846555583179,-11.043121968919472,71.6091114754623,3,55
2.0,2.0,2.0,1.0,0.0,1.0,0.0,1.0,0.0,1.0,0.0,0.0,1.0,1.0,1.0,1.0,0.0,0.0,0.0,1.0,0.0,0.5837230402976274,0.050702434964478016,0.9686629492789507,0.510208479128778,0.8083385834470391,0.9731649737805128,0.046415574848651886,0.5616973405703902,0.909613979049027,-10.695171078240387,69.3279122228864,3,55
2.0,2.0,1.0,0.0,0.0,1.0,1.0,0.0,0.0,1.0,1.0,1.0,1.0,1.0,0.0,0.0,0.0,1.0,0.0,0.0,0.0,0.5670851897448301,0.8335158713161945,0.739368561655283,0.7517756996676326,0.3902793154120445,0.8497593151405454,0.9272981192916632,0.6749623026698828,0.5,-8.006814268314255,66.00544984398749,3,55
2.0,2.0,2.0,1.0,0.0,1.0,1.0,1.0,0.0,1.0,0.0,0.0,0.0,1.0,0.0,1.0,1.0,1.0,1.0,0.0,1.0,0.0003909403458237648,0.6100622322410345,0.031116717495024204,0.4791602687910199,0.0793706588447094,0.35975145269185305,0.9445288591086864,0.44383214227855206,0.03262782655656338,-10.892533193557078,56.14763756067084,3,55
1.0,1.0,1.0,1.0,1.0,1.0,1.0,0.0,0.0,0.0,0.0,0.0,1.0,1.0,1.0,1.0,0.0,0.0,0.0,0.0,0.0,0.18668907163129092,0.11759590736961796,0.5,0.0021365295573442006,0.06176534769352178,0.5,0.8054295251372474,0.0002835157913072733,0.5,-7.520169321219693,32.55846075735298,3,55
2.0,2.0,2.0,1.0,1.0,0.0,1.0,1.0,1.0,0.0,0.0,1.0,1.0,1.0,0.0,0.0,1.0,1.0,1.0,1.0,1.0,1.0,1.0,0.9999999999999996,1.0,0.11935125074399651,1.0,1.0,4.6251662844492266e-18,0.43118389287739833,-11.549307387272512,83.80321086172836,3,55
1.0,1.0,1.0,1.0,1.0,1.0,1.0,0.0,0.0,0.0,0.0,0.0,1.0,1.0,1.0,1.0,0.0,0.0,0.0,0.0,0.0,0.15482725179017548,0.08895964706558165,0.5,5.919743861770854e-17,8.673617379884035e-19,0.5,0.9604228870078567,7.37257477290143e-18,0.5,-7.615906109729514,32.98573439896766,3,55
2.0,1.0,1.0,1.0,1.0,1.0,1.0,1.0,0.0,0.0,0.0,0.0,1.0,1.0,1.0,1.0,0.0,0.0,0.0,0.0,0.0,0.14321282291505233,0.038551224803274456,0.5,0.020623260283412707,0.04421945715312333,0.5118489845374691,0.7594251590758313,0.0007910199774297433,0.5,-7.631524817397455,39.67542005323151,3,55
1.0,1.0,1.0,1.0,1.0,1.0,1.0,0.0,0.0,0.0,0.0,0.0,1.0,1.0,1.0,1.0,0.0,0.0,0.0,0.0,0.0,0.3398109924365754,0.24859474891269925,0.5,2.6012506059417536e-18,0.0006858201668850515,0.5,0.9983728523515554,1.2136998563693623e-17,0.5,-7.66969872613091,34.23524805348453,3,55
2.0,2.0,2.0,1.0,1.0,0.0,1.0,1.0,1.0,0.0,0.0,1.0,1.0,1.0,0.0,0.0,1.0,1.0,1.0,1.0,1.0,1.0,1.0,0.9999999999999999,1.0,0.9999999999999997,1.0,0.9999999999999999,1.5344831232762479e-16,0.5171544948007493,-11.57426992478982,89.6029269688045,3,55
2.0,2.0,2.0,1.0,1.0,0.0,1.0,1.0,1.0,0.0,0.0,1.0,1.0,1.0,0.0,0.0,1.0,1.0,1.0,1.0,1.0,1.0,1.0,1.0,0.9999999999999998,0.9638174936369124,1.0,1.0,0.0,0.4263749110493828,-11.536631891315238,88.84115442811776,3,55
2.0,2.0,2.0,1.0,1.0,0.0,1.0,1.0,1.0,0.0,0.0,1.0,1.0,1.0,0.0,0.0,1.0,1.0,1.0,1.0,1.0,0.9999999999999999,0.9999999999999999,1.0,0.9999999999999999,0.5777309172581403,1.0,1.0,0.0,0.42363320064690607,-11.411853828283588,86.50818470743027,3,55
2.0,2.0,2.0,1.0,1.0,0.0,1.0,1.0,1.0,1.0,0.0,0.0,1.0,1.0,0.0,1.0,1.0,1.0,0.0,1.0,1.0,1.0,1.0,1.0,1.0,0.44255060882066605,1.0,1.0,1.363756346870594e-16,0.42320861501908175,-11.368754627853129,85.69455534303849,3,55
2.0,2.0,2.0,0.0,0.0,1.0,1.0,0.0,0.0,0.0,1.0,0.0,1.0,1.0,1.0,0.0,1.0,0.0,1.0,0.0,1.0,0.6645438726991415,0.7962332377210259,0.8040948761627078,0.1616173144429922,0.6496108714491129,0.9963094219565392,0.3748778151348233,0.657196226529777,0.21345048118382692,-10.87165519869972,67.87359426643604,3,55
2.0,2.0,2.0,0.0,1.0,0.0,0.0,0.0,1.0,1.0,0.0,0.0,0.0,1.0,1.0,0.0,0.0,1.0,1.0,0.0,0.0,0.07295146242357747,0.0951848873568151,0.14904360558567917,0.001248243249809169,0.0009503281579141101,0.07460226733860731,0.013684687259491554,0.019041296071963663,0.023702488806591645,-10.555171818949773,36.5555483904242,3,55
2.0,2.0,2.0,1.0,1.0,1.0,1.0,1.0,0.0,1.0,0.0,0.0,0.0,1.0,1.0,1.0,0.0,0.0,1.0,0.0,0.0,0.06912157334396647,0.22137551575519515,0.06498978195137615,0.0,8.673617379884035e-19,0.14045635807762039,0.0,1.5612511283791264e-17,0.011530265038557252,-7.830080250591981,39.81797981714564,3,55
2.0,2.0,2.0,1.0,1.0,1.0,1.0,1.0,0.0,1.0,0.0,0.0,1.0,1.0,0.0,0.0,0.0,1.0,1.0,0.0,0.0,0.07034115898362672,0.23646895145470143,0.05504738509591896,1.13864534125688e-18,6.038888157877604e-20,0.1398755627496372,0.026148480677131884,0.0027821679564614004,0.01750094697894954,-10.780105654372246,40.06511255795909,3,55
2.0,2.0,2.0,1.0,1.0,1.0,1.0,1.0,0.0,1.0,0.0,0.0,0.0,1.0,1.0,1.0,0.0,0.0,1.0,0.0,0.0,0.06554039585223158,0.10503798410518479,0.06549564854827197,0.0,8.076330102627304e-19,0.07385627202126116,5.366447786131847e-18,1.3240099828848302e-19,1.734723475976807e-18,-7.829590685849621,39.080465043132314,3,55
2.0,2.0,2.0,0.0,1.0,1.0,1.0,0.0,0.0,1.0,0.0,0.0,0.0,1.0,1.0,0.0,1.0,0.0,1.0,0.0,0.0,0.06466515032216662,0.0904873744824061,0.0030973219449561863,0.0015560730245737992,0.00039646204631391384,0.07004434596267631,0.003785062305452012,0.009916678803005001,0.021188315673004377,-7.70281535487218,37.227975606961124,3,55
2.0,2.0,2.0,1.0,1.0,1.0,0.0,1.0,0.0,1.0,1.0,0.0,0.0,1.0,0.0,0.0,0.0,1.0,1.0,0.0,0.0,0.6826958609182218,0.8897739767907461,0.5136462333027896,1.0,0.0,1.0,1.0,0.0,0.715589692743646,-11.094336653999953,70.44476490538712,3,55
2.0,2.0,2.0,1.0,1.0,1.0,1.0,1.0,0.0,1.0,0.0,0.0,0.0,1.0,0.0,0.0,0.0,1.0,1.0,0.0,0.0,0.648796150286709,0.7197457727381833,0.4712930385699951,1.0,0.0,1.0,1.0,4.2052932043218064e-17,0.6641759004304306,-11.078080956307312,67.61266825402373,3,55
2.0,2.0,2.0,1.0,1.0,1.0,1.0,1.0,0.0,0.0,1.0,0.0,0.0,1.0,0.0,0.0,0.0,1.0,1.0,0.0,0.0,0.06904494629081516,0.13157648742458358,0.05515060253156555,0.0,1.0922935598996652e-18,0.005890619032244685,0.0018379221001279442,0.00986220056717187,0.01429276255679366,-10.655208201716672,37.867149184814245,3,55
2.0,2.0,2.0,1.0,1.0,1.0,1.0,1.0,0.0,0.0,1.0,0.0,0.0,1.0,0.0,0.0,0.0,1.0,1.0,0.0,0.0,0.06712208372505134,0.10628466444409904,0.05021103336642363,0.0,1.5612511283791264e-17,0.1354643887628433,0.0,0.0,0.0035749598133322028,-10.647209792190447,38.46249675469623,3,55
2.0,2.0,2.0,1.0,1.0,0.0,1.0,1.0,0.0,1.0,0.0,1.0,0.0,1.0,0.0,0.0,0.0,1.0,1.0,0.0,0.0,0.6266118113278488,0.48300091217258406,0.6069042252193471,1.0,0.0,1.0,0.9999999999999999,1.5037816914609888e-17,0.7501384852860483,-11.14642783666036,66.96068578462578,3,55
2.0,2.0,2.0,0.0,1.0,1.0,1.0,0.0,0.0,1.0,0.0,0.0,1.0,1.0,0.0,1.0,0.0,0.0,1.0,0.0,1.0,0.5207889355693488,0.6123751199951148,0.05345127066735722,0.9864212720680854,0.4371033397655961,0.2011134634578833,0.7824312048157208,0.48659753618213897,0.49458042321913726,-8.062170701482344,62.373053526406466,3,55
2.0,2.0,2.0,0.0,0.0,1.0,1.0,0.0,0.0,0.0,1.0,0.0,1.0,1.0,1.0,1.0,1.0,1.0,1.0,1.0,1.0,0.37873789770281985,0.6015969902226144,0.0519426952696492,0.9957582033845829,0.5433683371918439,0.022906233860740526,0.5578725199940862,0.9911109731540034,0.5239262599526114,-10.99663972934007,65.86607080697917,3,55
2.0,2.0,2.0,0.0,0.0,1.0,1.0,0.0,0.0,0.0,1.0,0.0,1.0,1.0,1.0,1.0,1.0,1.0,1.0,1.0,1.0,0.3767440971599934,0.4251594059717421,0.052122874832773176,0.9998039171974648,0.6138995050935004,0.1782870218331635,0.557888574807313,0.9999004093932048,0.5368471557184753,-10.854919792118979,66.09765350944257,3,55
2.0,2.0,2.0,0.0,0.0,1.0,1.0,0.0,0.0,0.0,1.0,0.0,1.0,1.0,1.0,1.0,1.0,1.0,1.0,1.0,1.0,0.4943824091430573,0.3932071428976987,0.052442033249310384,1.0,0.6666069132872611,0.04056652849392798,0.7108631969713857,1.0,0.3427061686657772,-10.97725730077491,65.87688877834042,3,55
2.0,2.0,2.0,0.0,0.0,1.0,1.0,0.0,0.0,0.0,1.0,0.0,1.0,1.0,1.0,1.0,1.0,1.0,1.0,1.0,1.0,0.3767343411239594,0.5780228584080368,0.052105657460777347,0.9957527768916054,0.544819577343892,0.06897597945432493,0.5601584027217571,0.969361276734642,0.525995178211324,-10.94749475043946,65.84165846529132,3,55
2.0,2.0,2.0,0.0,0.0,1.0,1.0,0.0,0.0,0.0,1.0,0.0,1.0,1.0,0.0,1.0,0.0,0.0,1.0,0.0,1.0,0.5240022780999387,0.7823783720688026,0.05378094196514919,0.9933181644171555,0.5160284622927032,0.18657552496282231,0.7110220784260204,0.577275155472574,0.8748051219161183,-10.652470729318296,65.88125390469966,3,55
2.0,2.0,2.0,0.0,0.0,1.0,1.0,0.0,0.0,0.0,1.0,0.0,1.0,1.0,1.0,1.0,1.0,1.0,1.0,0.0,1.0,0.5153747081339499,0.4254225869319356,0.05209267496996774,0.9960434940503212,0.5401865703325666,0.1573933837868903,0.7212971314691012,0.9911964881308016,0.49759756052083415,-10.885868854312143,66.06745156803387,3,55
2.0,2.0,2.0,0.0,0.0,1.0,1.0,0.0,0.0,0.0,1.0,0.0,1.0,1.0,1.0,1.0,0.0,0.0,1.0,0.0,1.0,0.5020187455296745,0.581507691163126,0.05197248235011795,0.9971376267074671,0.5418145797277241,0.11599019781152091,0.7630589213722772,0.983133432532091,0.5122806177795896,-10.720294766043093,65.13061833825086,3,55
2.0,2.0,2.0,0.0,0.0,1.0,1.0,0.0,0.0,0.0,1.0,0.0,1.0,1.0,1.0,1.0,1.0,0.0,1.0,1.0,1.0,0.48002775476582704,0.5768815619415192,0.051967146510507926,1.0,0.6174192672759664,0.011882943717441953,0.540978534075255,1.0,0.5205620112551744,-11.028907840016569,65.6064935011334,3,55
2.0,2.0,2.0,0.0,0.0,1.0,1.0,0.0,0.0,0.0,1.0,0.0,1.0,1.0,1.0,1.0,0.0,1.0,1.0,0.0,1.0,0.4983308309014394,0.7417230382495174,0.05167958280330799,0.9976891534552592,0.6495994811865042,0.03748514566951427,0.7106715392870793,0.9791211106184389,0.360350086002739,-10.855839851283449,66.51760132974738,3,55
0.0,2.0,0.0,1.0,1.0,1.0,0.0,0.0,0.0,0.0,0.0,0.0,1.0,1.0,1.0,0.0,0.0,0.0,0.0,0.0,0.0,0.0424509694078527,0.02110075005144748,0.061561352277955485,0.0037034826685820393,0.5,0.5,0.008509529266287869,0.5,0.5,-3.6371318213902692,21.615537957464053,3,55
0.0,2.0,0.0,1.0,1.0,1.0,0.0,0.0,0.0,0.0,0.0,0.0,1.0,1.0,1.0,0.0,0.0,0.0,0.0,0.0,0.0,0.0038504898840626945,0.008882502484704109,0.034628746950669156,0.00198068262558273,0.5,0.5,0.0031434663418363675,0.5,0.5,-3.6385423346836268,21.539795020471296,3,55
0.0,2.0,0.0,1.0,1.0,1.0,0.0,0.0,0.0,0.0,0.0,0.0,1.0,1.0,1.0,0.0,0.0,0.0,0.0,0.0,0.0,0.00769704447832174,0.013818527309694606,0.05747647076516343,0.0010597918521534654,0.5,0.5,0.0009299665621647447,0.5,0.5,-3.6393046437332877,21.536814736662212,3,55
0.0,2.0,0.0,1.0,1.0,1.0,0.0,0.0,0.0,0.0,0.0,0.0,1.0,1.0,1.0,0.0,0.0,0.0,0.0,0.0,0.0,0.0050991252581943135,0.012542838853520462,0.016304598591521485,0.00647911221043124,0.5,0.5,0.00603069852192246,0.5,0.5,-3.6348526447525367,21.578203011135066,3,55
0.0,2.0,0.0,1.0,1.0,1.0,0.0,0.0,0.0,0.0,0.0,0.0,1.0,1.0,1.0,0.0,0.0,0.0,0.0,0.0,0.0,0.0,0.0,0.057807694250687845,0.008555772571700693,0.5,0.5,2.927345865710862e-18,0.5,0.5,-3.633160972967167,21.574726742032272,3,55
0.0,2.0,0.0,1.0,1.0,1.0,0.0,0.0,0.0,0.0,0.0,0.0,1.0,1.0,1.0,0.0,0.0,0.0,0.0,0.0,0.0,0.011219696695606855,0.02725933214718794,0.027216734582617818,0.0064106377477303285,0.5,0.5,0.006286523521354982,0.5,0.5,-3.634909012985268,21.58745089158526,3,55
0.0,2.0,0.0,1.0,1.0,1.0,0.0,0.0,0.0,0.0,0.0,0.0,1.0,1.0,1.0,0.0,0.0,0.0,0.0,0.0,0.0,0.030675662923239803,0.002717105432455576,0.05898841401469998,0.00440107360573516,0.5,0.5,0.004796859255836475,0.5,0.5,-3.636549198679441,21.586183680789198,3,55
0.0,2.0,0.0,1.0,1.0,1.0,0.0,0.0,0.0,0.0,0.0,0.0,1.0,1.0,1.0,0.0,0.0,0.0,0.0,0.0,0.0,0.030745412491904454,0.020864938920078194,0.060013934757777825,0.003367751157298917,0.5,0.5,0.00605530231759882,0.5,0.5,-3.6374015463599196,21.591414409863212,3,55
0.0,2.0,0.0,1.0,1.0,1.0,0.0,0.0,0.0,0.0,0.0,0.0,1.0,1.0,1.0,0.0,0.0,0.0,0.0,0.0,0.0,0.008733371948760662,0.020645580120072716,0.05955207505331603,0.0014720455790277294,0.5,0.5,0.005976172655460334,0.5,0.5,-3.6389688851409034,21.573032039257647,3,55
0.0,2.0,0.0,1.0,1.0,1.0,0.0,0.0,0.0,0.0,0.0,0.0,1.0,1.0,1.0,0.0,0.0,0.0,0.0,0.0,0.0,0.04275919580627785,0.0231530256189142,0.06070135251135506,0.00680351717545012,0.5,0.5,0.00754547009964548,0.5,0.5,-3.634592434055519,21.628437382976696,3,55
2.0,2.0,2.0,1.0,1.0,1.0,1.0,1.0,0.0,1.0,0.0,0.0,0.0,1.0,1.0,1.0,0.0,0.0,1.0,0.0,0.0,0.987574859900813,0.9499282133045122,9.130012214169674e-13,0.19978598916013388,0.15389300066832726,0.0,0.7312952142023371,0.6958836425671241,0.14622911416662268,-8.68244809930526,63.206195764967354,3,55
2.0,1.0,2.0,0.0,1.0,1.0,1.0,0.0,1.0,0.0,0.0,0.0,1.0,0.0,0.0,1.0,1.0,0.0,0.0,0.0,0.0,0.45936467312276363,0.6195586062967777,0.5,0.19470573216676712,0.4460189398378134,0.2294494081288576,0.9552432196214795,0.10789786651730537,0.602602562867105,-7.802173553719278,51.87958776168309,3,55
2.0,2.0,0.0,0.0,1.0,0.0,1.0,0.0,1.0,0.0,1.0,0.0,1.0,1.0,1.0,0.0,0.0,0.0,0.0,0.0,0.0,0.8806193908676505,0.004147838801145554,0.39785978849977255,0.9035533694550395,0.5603343648836017,0.2824838366359472,0.6931933835148811,0.5,0.5,-3.9915348716771026,50.673990619044226,3,55
2.0,1.0,2.0,1.0,1.0,0.0,0.0,1.0,1.0,0.0,0.0,0.0,1.0,0.0,1.0,1.0,1.0,1.0,0.0,0.0,0.0,0.6793234003707767,0.5901069790124893,0.5,0.3581925770267844,0.006146334111690521,0.32221076823771,0.028882875107228756,0.06660095136612654,0.21563975419849157,-8.452520062357708,46.15398526308212,3,55
2.0,2.0,1.0,1.0,0.0,0.0,0.0,1.0,0.0,0.0,0.0,1.0,1.0,1.0,1.0,1.0,1.0,1.0,0.0,0.0,0.0,0.6903145555406809,0.7267044391483068,0.7596754925325513,0.478064451366663,0.4363618930801749,0.3023169217631221,0.4802144281566143,0.34576387517154217,0.5,-7.756042963218804,57.828512087195,3,55
2.0,2.0,0.0,1.0,0.0,1.0,1.0,1.0,1.0,1.0,1.0,1.0,1.0,1.0,1.0,0.0,0.0,0.0,0.0,0.0,0.0,0.2700938181951642,0.4255032194778323,0.23487015813589096,0.7412904286757112,0.10822851397097111,0.9750524275004864,0.7946518352255225,0.5,0.5,-4.0612159280317695,51.379512793408296,3,55
2.0,2.0,2.0,1.0,1.0,1.0,1.0,1.0,1.0,1.0,0.0,0.0,1.0,0.0,0.0,0.0,0.0,1.0,1.0,1.0,0.0,0.0817403495311737,0.8434352288022637,0.6074261162430048,0.12854178063571453,0.9822334181517363,0.9869604790583253,0.0037235869094729424,0.8269133241847157,0.34918802976608276,-10.90876527849402,66.77458040857815,3,55
1.0,2.0,2.0,0.0,1.0,1.0,1.0,0.0,1.0,0.0,0.0,0.0,0.0,1.0,1.0,1.0,0.0,1.0,1.0,1.0,0.0,0.5838127471506596,0.8886418147012591,0.9656062386929989,0.23376487009227276,0.801816089078784,0.5,0.3241175003349781,0.6919799884781241,0.8808294385671616,-7.4723262046641175,67.03546636672584,3,55
1.0,2.0,2.0,1.0,0.0,0.0,1.0,1.0,1.0,0.0,0.0,0.0,0.0,1.0,0.0,0.0,0.0,1.0,1.0,0.0,0.0,0.3630588185042143,0.6874632323160768,0.9263729406520724,0.9725412661209702,0.9524663770571351,0.5,0.1914034951478243,0.17732337396591902,0.006459487602114677,-7.759355872606453,56.03925358593136,3,55
2.0,2.0,1.0,0.0,0.0,1.0,1.0,1.0,1.0,0.0,1.0,1.0,0.0,0.0,1.0,1.0,1.0,1.0,0.0,0.0,0.0,0.39229677710682154,0.857708977535367,0.2744860239326954,0.5959925279021263,0.24618208315223455,0.6364603182300925,0.39603153709322214,0.5519454320892692,0.5,-7.574387969464271,56.81399959245448,3,55
1.0,0.0,0.0,1.0,1.0,0.0,0.0,0.0,0.0,0.0,0.0,0.0,1.0,0.0,0.0,0.0,0.0,0.0,0.0,0.0,0.0,0.11143367766637954,0.5,0.5,0.08877091501501909,0.212366452497983,0.5,0.6158723074731325,0.5,0.5,-3.6796436415886706,21.588980301544588,3,55
1.0,0.0,0.0,1.0,1.0,0.0,0.0,0.0,0.0,0.0,0.0,0.0,1.0,0.0,0.0,0.0,0.0,0.0,0.0,0.0,0.0,0.58497490551369,0.5,0.5,0.028256532980125936,0.1988160377932348,0.5,0.2677267753979028,0.5,0.5,-3.683937397160786,21.364165557592834,3,55
1.0,0.0,0.0,1.0,1.0,0.0,0.0,0.0,0.0,0.0,0.0,0.0,1.0,0.0,0.0,0.0,0.0,0.0,0.0,0.0,0.0,0.5912949100664623,0.5,0.5,0.022164842559586402,0.15208304988310287,0.5,0.2798035652348,0.5,0.5,-3.686555430065185,21.171716440758473,3,55
1.0,0.0,0.0,1.0,1.0,0.0,0.0,0.0,0.0,0.0,0.0,0.0,1.0,0.0,0.0,0.0,0.0,0.0,0.0,0.0,0.0,0.1496225398638946,0.5,0.5,0.0,0.11261985930609775,0.5,0.06921885322755883,0.5,0.5,-3.6110354760510104,17.2477406062492,3,55
1.0,0.0,0.0,1.0,1.0,0.0,0.0,0.0,0.0,0.0,0.0,0.0,1.0,0.0,0.0,0.0,0.0,0.0,0.0,0.0,0.0,0.11309020336067997,0.5,0.5,0.14014906487647172,0.12446781435836979,0.5,0.6603905186726713,0.5,0.5,-3.6917503092521318,21.639570146118196,3,55
1.0,0.0,0.0,1.0,1.0,0.0,0.0,0.0,0.0,0.0,0.0,0.0,1.0,0.0,0.0,0.0,0.0,0.0,0.0,0.0,0.0,0.5874467866758478,0.5,0.5,0.017900741542524877,0.20061862796147084,0.5,0.2591079274674329,0.5,0.5,-3.6834628642613727,21.281419872059026,3,55
1.0,0.0,0.0,1.0,1.0,0.0,0.0,0.0,0.0,0.0,0.0,0.0,1.0,0.0,0.0,0.0,0.0,0.0,0.0,0.0,0.0,0.2853664522868801,0.5,0.5,0.0,0.03279385347146903,0.5,0.1104814592796851,0.5,0.5,-3.626025067951186,17.429689961142525,3,55
0.0,2.0,1.0,1.0,1.0,1.0,0.0,0.0,0.0,0.0,0.0,0.0,1.0,1.0,1.0,1.0,0.0,0.0,0.0,0.0,0.0,0.03389582615184639,0.09819171663442597,0.048336080064248756,0.0,0.5,0.5,0.0,0.0,0.5,-4.102167239921916,25.59188841817476,3,55
0.0,0.0,0.0,1.0,0.0,0.0,0.0,0.0,0.0,0.0,0.0,0.0,1.0,0.0,0.0,0.0,0.0,0.0,0.0,0.0,0.0,0.5441640487658619,0.5,0.5,0.009086636316525041,0.5,0.5,0.022845467991963048,0.5,0.5,-3.5217635150422053,13.764394209635716,3,55
1.0,0.0,0.0,1.0,1.0,0.0,0.0,0.0,0.0,0.0,0.0,0.0,1.0,0.0,0.0,0.0,0.0,0.0,0.0,0.0,0.0,0.5823238173686759,0.5,0.5,0.00362863925352508,0.16517299569550078,0.5,0.2770038870059367,0.5,0.5,-3.6844929773619914,21.048540329653562,3,55
2.0,2.0,2.0,0.0,1.0,1.0,1.0,0.0,0.0,1.0,0.0,0.0,1.0,1.0,1.0,1.0,0.0,0.0,1.0,0.0,0.0,0.15631852004461932,0.1521806032912594,0.1852463708985678,1.3180005442894484e-17,0.0,0.0,5.377642775528102e-16,4.378694464091964e-17,0.511375941008903,-7.662107866282807,41.141630081660274,3,55
2.0,2.0,2.0,0.0,0.0,1.0,1.0,1.0,0.0,1.0,0.0,0.0,1.0,1.0,1.0,1.0,0.0,0.0,1.0,0.0,0.0,0.19841077200389454,0.40500678427868636,0.10608998549980685,0.5211497337135216,0.017403752717423428,0.11519775721836638,0.15174235247415988,0.011829238214544062,0.5286288840738272,-7.493416820519061,47.0782772139471,3,55
2.0,2.0,2.0,0.0,1.0,1.0,1.0,0.0,0.0,1.0,0.0,0.0,1.0,1.0,1.0,1.0,0.0,0.0,1.0,0.0,0.0,0.19294894244692995,0.41841216419774485,0.183243680285172,0.34120970568705955,0.024364069147372082,0.0,0.1393916406708668,0.12550271446712516,0.5121391150035227,-7.511118600972847,46.07677742918707,3,55
2.0,2.0,2.0,0.0,1.0,1.0,1.0,0.0,0.0,1.0,0.0,0.0,1.0,1.0,1.0,1.0,0.0,0.0,1.0,0.0,0.0,0.27547236812869497,0.3666059973884028,0.16600674630293494,0.3738389490630222,0.10255555477433552,0.01541499620196492,0.2585660407062897,0.11368131242426732,0.5218308195424156,-7.53362121198151,47.48022859546542,3,55
2.0,2.0,2.0,0.0,1.0,1.0,1.0,0.0,0.0,1.0,0.0,0.0,1.0,1.0,1.0,1.0,0.0,0.0,1.0,0.0,0.0,0.5331592511120725,0.4271712951509106,0.1739256928786889,0.48289071123747823,0.00521860166753757,0.006996535907832334,0.14466531350221842,0.031925154586932895,0.5145478430221915,-7.6227855222494805,48.096354703179514,3,55
2.0,2.0,2.0,0.0,1.0,1.0,1.0,0.0,0.0,1.0,0.0,0.0,1.0,1.0,1.0,1.0,0.0,0.0,1.0,0.0,0.0,0.20116728857735047,0.35438002755970205,0.1463951046959615,0.4652955944860522,0.027783237965348172,0.071003921308951,0.15106552146391863,0.42017313834357745,0.5317055997364579,-7.494857619585996,48.81455714006587,3,55
2.0,2.0,2.0,0.0,1.0,1.0,1.0,0.0,0.0,1.0,0.0,0.0,1.0,1.0,1.0,1.0,0.0,0.0,1.0,0.0,0.0,0.1986344626307792,0.2729186316174431,0.1295134012445522,0.42648735701577556,0.006657622197293173,0.0717039359073376,0.13443493490220698,0.11527763882814174,0.5354257211931344,-7.497707860930423,46.154920912576756,3,55
2.0,2.0,2.0,0.0,1.0,1.0,1.0,0.0,0.0,1.0,0.0,0.0,1.0,1.0,1.0,1.0,0.0,0.0,1.0,0.0,0.0,0.19353917100485127,0.2816685540799424,0.15867744059412242,0.007294980033073005,0.006501260018337447,0.027655526124618083,0.14855097730602673,0.029449517808051388,0.5121407307767795,-7.668861261614202,42.88336975897094,3,55
2.0,2.0,2.0,0.0,1.0,1.0,1.0,0.0,0.0,1.0,0.0,0.0,1.0,1.0,1.0,1.0,0.0,0.0,1.0,0.0,0.0,0.20232738458819557,0.1958717563652124,0.1476732966310207,0.4321441341332868,0.03552108674769473,0.03812335824925578,0.15996218889441807,0.1405448520702137,0.5278934469989517,-7.498896117231036,46.21290102879929,3,55
2.0,2.0,2.0,0.0,1.0,1.0,1.0,0.0,0.0,1.0,0.0,0.0,1.0,1.0,1.0,1.0,0.0,0.0,1.0,0.0,0.0,0.488657480304577,0.30497282449287366,0.1254180140638669,0.48861055876080317,0.025606436712328057,0.10810790022710319,0.1501059196435577,0.11737153630467577,0.5357127320089252,-7.599167112632341,48.48576014686388,3,55
1.0,2.0,0.0,1.0,1.0,1.0,0.0,1.0,0.0,0.0,0.0,0.0,1.0,1.0,1.0,0.0,0.0,0.0,0.0,0.0,0.0,0.0575495229616412,0.0516732988155366,0.8008174578230292,0.0005808484832512235,0.00288029804650432,0.5,0.0009680444642124708,0.5,0.5,-3.8238679095806867,30.557609893067927,3,55
1.0,2.0,0.0,1.0,1.0,1.0,0.0,1.0,0.0,0.0,0.0,0.0,1.0,1.0,1.0,0.0,0.0,0.0,0.0,0.0,0.0,0.18802894873920034,0.137102751818098,0.8009492297483806,2.4685774530091195e-05,0.49365171570068994,0.5,0.026854526511261273,0.5,0.5,-3.8240507308475973,33.992887599201,3,55
1.0,2.0,0.0,1.0,1.0,1.0,0.0,1.0,0.0,0.0,0.0,0.0,1.0,1.0,1.0,0.0,0.0,0.0,0.0,0.0,0.0,0.19901262547588694,0.12567577337836863,0.8011390158379383,0.00010102480796641192,0.017861335910670444,0.5,0.03093740247968627,0.5,0.5,-3.824144818104646,31.1739676138658,3,55
1.0,2.0,0.0,1.0,1.0,1.0,0.0,1.0,0.0,0.0,0.0,0.0,1.0,1.0,1.0,0.0,0.0,0.0,0.0,0.0,0.0,0.20800460411116783,0.1218262191289816,0.8015693498296639,3.0890334952087345e-05,0.20651998159987195,0.5,0.029556491884026814,0.5,0.5,-3.824105626938562,32.3209909420085,3,55
1.0,2.0,0.0,1.0,1.0,1.0,0.0,1.0,0.0,0.0,0.0,0.0,1.0,1.0,1.0,0.0,0.0,0.0,0.0,0.0,0.0,0.19632999313574,0.15147143628208887,0.8013908881532523,3.0420810809441546e-05,0.13648116256536708,0.5,0.046215639645975234,0.5,0.5,-3.8244761323720167,32.02237826293659,3,55
1.0,2.0,0.0,1.0,1.0,1.0,0.0,1.0,0.0,0.0,0.0,0.0,1.0,1.0,1.0,0.0,0.0,0.0,0.0,0.0,0.0,0.19563958789688987,0.19457889042525608,0.8020234884532914,5.326990625937596e-06,0.3497254426086678,0.5,0.04550272667377611,0.5,0.5,-3.8244451877898324,33.40704326051505,3,55
1.0,2.0,0.0,1.0,1.0,1.0,0.0,1.0,0.0,0.0,0.0,0.0,1.0,1.0,1.0,0.0,0.0,0.0,0.0,0.0,0.0,0.19584608514509008,0.12193305212564694,0.8015704309819871,0.00010477175232235886,0.11221107060063532,0.5,0.04262773689827404,0.5,0.5,-3.8243855965245652,31.799831074151268,3,55
1.0,2.0,0.0,1.0,1.0,1.0,0.0,1.0,0.0,0.0,0.0,0.0,1.0,1.0,1.0,0.0,0.0,0.0,0.0,0.0,0.0,0.1959218442091784,0.19466438100368663,0.8012120141325662,0.0003102813051240722,0.026956634789193325,0.5,0.043528914024684895,0.5,0.5,-3.8244155602150856,31.452316953735675,3,55
1.0,2.0,0.0,1.0,1.0,1.0,0.0,1.0,0.0,0.0,0.0,0.0,1.0,1.0,1.0,0.0,0.0,0.0,0.0,0.0,0.0,0.19255616598439904,0.1240135240508065,0.8009132349693792,0.00012511957832367671,0.0028843337670364268,0.5,0.0007783988244267306,0.5,0.5,-3.8238692112996104,30.880161801105313,3,55
1.0,2.0,0.0,1.0,1.0,1.0,0.0,1.0,0.0,0.0,0.0,0.0,1.0,1.0,1.0,0.0,0.0,0.0,0.0,0.0,0.0,0.18991589665107814,0.15151559388692284,0.8018296494616224,0.00017218378598386048,0.28141030957551233,0.5,0.04625752002606043,0.5,0.5,-3.8244680741741006,32.880730748557404,3,55
0.0,0.0,0.0,1.0,0.0,0.0,0.0,0.0,0.0,0.0,0.0,0.0,1.0,0.0,0.0,0.0,0.0,0.0,0.0,0.0,0.0,0.4628682748255919,0.5,0.5,0.003246495571737614,0.5,0.5,0.011916093079695917,0.5,0.5,-3.5154325980726786,13.09070481078874,3,55
0.0,0.0,0.0,1.0,0.0,0.0,0.0,0.0,0.0,0.0,0.0,0.0,1.0,0.0,0.0,0.0,0.0,0.0,0.0,0.0,0.0,0.4625097223372802,0.5,0.5,0.0016985728353452816,0.5,0.5,0.013738194370885045,0.5,0.5,-3.5163632450605102,13.090027306032939,3,55
0.0,0.0,0.0,1.0,0.0,0.0,0.0,0.0,0.0,0.0,0.0,0.0,1.0,0.0,0.0,0.0,0.0,0.0,0.0,0.0,0.0,0.4632412610510498,0.5,0.5,0.0018740119466863,0.5,0.5,0.012647131761794222,0.5,0.5,-3.516334591473678,13.089274123832052,3,55
0.0,0.0,0.0,1.0,0.0,0.0,0.0,0.0,0.0,0.0,0.0,0.0,1.0,0.0,0.0,0.0,0.0,0.0,0.0,0.0,0.0,0.46354344661500124,0.5,0.5,4.646452141268177e-19,0.5,0.5,0.013754096041165575,0.5,0.5,-3.5175492090101117,13.086632264544996,3,55
0.0,0.0,0.0,1.0,0.0,0.0,0.0,0.0,0.0,0.0,0.0,0.0,1.0,0.0,0.0,0.0,0.0,0.0,0.0,0.0,0.0,0.4575266269870748,0.5,0.5,0.0020504097387920497,0.5,0.5,0.018586505888351396,0.5,0.5,-3.5155880653479956,13.089135794578048,3,55
0.0,0.0,0.0,1.0,0.0,0.0,0.0,0.0,0.0,0.0,0.0,0.0,1.0,0.0,0.0,0.0,0.0,0.0,0.0,0.0,0.0,0.46241039887239527,0.5,0.5,0.003291701131066407,0.5,0.5,0.012514563926706242,0.5,0.5,-3.5153533852169363,13.09160122924393,3,55
0.0,0.0,0.0,1.0,0.0,0.0,0.0,0.0,0.0,0.0,0.0,0.0,1.0,0.0,0.0,0.0,0.0,0.0,0.0,0.0,0.0,0.46087446189447334,0.5,0.5,0.002996967355179305,0.5,0.5,0.01364287023620826,0.5,0.5,-3.5153628645739805,13.086675912933968,3,55
0.0,0.0,2.0,1.0,0.0,0.0,0.0,0.0,0.0,0.0,0.0,0.0,1.0,1.0,1.0,0.0,0.0,0.0,0.0,0.0,0.0,0.04690786482917732,0.5,0.5,0.0,0.5,0.5,0.12870963112781397,0.0,0.6866390422605636,-3.7491424745027198,24.407494474810093,3,55
0.0,0.0,0.0,1.0,0.0,0.0,0.0,0.0,0.0,0.0,0.0,0.0,1.0,0.0,0.0,0.0,0.0,0.0,0.0,0.0,0.0,0.4599045213936467,0.5,0.5,0.0023792928135689044,0.5,0.5,0.012956915662198603,0.5,0.5,-3.515632722712105,13.07260243244284,3,55
0.0,0.0,0.0,1.0,0.0,0.0,0.0,0.0,0.0,0.0,0.0,0.0,1.0,0.0,0.0,0.0,0.0,0.0,0.0,0.0,0.0,0.4632332946748836,0.5,0.5,0.0017445272380598015,0.5,0.5,0.013081090773975679,0.5,0.5,-3.5164162217316774,13.091049305139645,3,55
