fit_index,output,epoch,mse,rmse,mse_scaled,rmse_scaled
1,f0_tsfc,1,0.49018513411283493,0.7001322261636261,0.49018513411283493,0.7001322261636261
1,f0_tsfc,2,0.176600527984192,0.42023865598513427,0.176600527984192,0.42023865598513427
1,f0_tsfc,3,0.11384354328038171,0.3374070883671262,0.11384354328038171,0.3374070883671262
1,f0_tsfc,4,0.05704898084513843,0.23884928479092926,0.05704898084513843,0.23884928479092926
1,f0_tsfc,5,0.06403069384396076,0.25304286957739147,0.06403069384396076,0.25304286957739147
1,f0_tsfc,6,0.026681959629058838,0.16334613441725163,0.026681959629058838,0.16334613441725163
1,f0_tsfc,7,0.050632303580641747,0.2250162295938712,0.050632303580641747,0.2250162295938712
1,f0_tsfc,8,0.06240746984258294,0.2498148711397761,0.06240746984258294,0.2498148711397761
1,f0_tsfc,9,0.02000677108298987,0.14144529360494776,0.02000677108298987,0.14144529360494776
1,f0_tsfc,10,0.030280936043709517,0.17401418345557215,0.030280936043709517,0.17401418345557215
1,g0_jet_mach,1,0.4211589228361845,0.6489675822690872,0.4211589228361845,0.6489675822690872
1,g0_jet_mach,2,0.2302749021910131,0.4798696720892175,0.2302749021910131,0.4798696720892175
1,g0_jet_mach,3,0.10529289033729583,0.32448865979768204,0.10529289033729583,0.32448865979768204
1,g0_jet_mach,4,0.08027504570782185,0.28332851199238995,0.08027504570782185,0.28332851199238995
1,g0_jet_mach,5,0.03296111983945593,0.1815519755867612,0.03296111983945593,0.1815519755867612
1,g0_jet_mach,6,0.018539570970460773,0.1361600931641161,0.018539570970460773,0.1361600931641161
1,g0_jet_mach,7,0.025450468994677067,0.15953203124976836,0.025450468994677067,0.15953203124976836
1,g0_jet_mach,8,0.02844950184226036,0.16866980121604566,0.02844950184226036,0.16866980121604566
1,g0_jet_mach,9,0.011874141986481845,0.10896853668138269,0.011874141986481845,0.10896853668138269
1,g0_jet_mach,10,0.025027559837326407,0.1582010108606339,0.025027559837326407,0.1582010108606339
1,g1_pr,1,0.5150677915662527,0.7176822357884113,0.5150677915662527,0.7176822357884113
1,g1_pr,2,0.25019644014537334,0.5001964015717959,0.25019644014537334,0.5001964015717959
1,g1_pr,3,0.10683741234242916,0.3268599277097594,0.10683741234242916,0.3268599277097594
1,g1_pr,4,0.11046864051604643,0.3323682303049532,0.11046864051604643,0.3323682303049532
1,g1_pr,5,0.06688862107694149,0.2586283454630244,0.06688862107694149,0.2586283454630244
1,g1_pr,6,0.11944348458200693,0.3456059672256932,0.11944348458200693,0.3456059672256932
1,g1_pr,7,0.04334530979394913,0.20819536448717854,0.04334530979394913,0.20819536448717854
1,g1_pr,8,0.03338448493741453,0.18271421657171213,0.03338448493741453,0.18271421657171213
1,g1_pr,9,0.0736045385710895,0.2713015638935565,0.0736045385710895,0.2713015638935565
1,g1_pr,10,0.13384983269497752,0.3658549339492055,0.13384983269497752,0.3658549339492055
1,g2_pr,1,0.5884604565799236,0.7671117627698871,0.5884604565799236,0.7671117627698871
1,g2_pr,2,0.20312295900657773,0.45069164514840715,0.20312295900657773,0.45069164514840715
1,g2_pr,3,0.10492124501615763,0.3239154905467746,0.10492124501615763,0.3239154905467746
1,g2_pr,4,0.15841960813850164,0.39801960773120415,0.15841960813850164,0.39801960773120415
1,g2_pr,5,0.14694823883473873,0.3833382825061159,0.14694823883473873,0.3833382825061159
1,g2_pr,6,0.10830449685454369,0.3290964856308005,0.10830449685454369,0.3290964856308005
1,g2_pr,7,0.05174928531050682,0.22748469247513517,0.05174928531050682,0.22748469247513517
1,g2_pr,8,0.07977913785725832,0.28245200983044594,0.07977913785725832,0.28245200983044594
1,g2_pr,9,0.0293378563656006,0.17128297161597997,0.0293378563656006,0.17128297161597997
1,g2_pr,10,0.06484759635350201,0.2546519121339991,0.06484759635350201,0.2546519121339991
1,g3_pr,1,0.4955222066491842,0.7039333822523153,0.4955222066491842,0.7039333822523153
1,g3_pr,2,0.4304165879730135,0.6560614208845187,0.4304165879730135,0.6560614208845187
1,g3_pr,3,0.18839760217815638,0.4340479261304636,0.18839760217815638,0.4340479261304636
1,g3_pr,4,0.1720704948529601,0.41481380745216295,0.1720704948529601,0.41481380745216295
1,g3_pr,5,0.12462672963738441,0.35302511190761543,0.12462672963738441,0.35302511190761543
1,g3_pr,6,0.11740156449377537,0.3426391169930476,0.11740156449377537,0.3426391169930476
1,g3_pr,7,0.06497483653947711,0.25490162129628974,0.06497483653947711,0.25490162129628974
1,g3_pr,8,0.06269497564062476,0.2503896476306973,0.06269497564062476,0.2503896476306973
1,g3_pr,9,0.04312122683040798,0.20765651164942547,0.04312122683040798,0.20765651164942547
1,g3_pr,10,0.03268044698052108,0.18077734089348999,0.03268044698052108,0.18077734089348999
1,g4_pr_perc_sum,1,0.7479962855577469,0.864867785015575,0.7479962855577469,0.864867785015575
1,g4_pr_perc_sum,2,0.4768674522638321,0.6905559008971194,0.4768674522638321,0.6905559008971194
1,g4_pr_perc_sum,3,0.26650673896074295,0.5162429069350425,0.26650673896074295,0.5162429069350425
1,g4_pr_perc_sum,4,0.11906455163989449,0.34505731645611354,0.11906455163989449,0.34505731645611354
1,g4_pr_perc_sum,5,0.11527726426720619,0.33952505690627044,0.11527726426720619,0.33952505690627044
1,g4_pr_perc_sum,6,0.10720787290483713,0.3274261335092804,0.10720787290483713,0.3274261335092804
1,g4_pr_perc_sum,7,0.06301464792340994,0.2510271856261985,0.06301464792340994,0.2510271856261985
1,g4_pr_perc_sum,8,0.06886765221133828,0.2624264701041766,0.06886765221133828,0.2624264701041766
1,g4_pr_perc_sum,9,0.0301486385287717,0.1736336330575724,0.0301486385287717,0.1736336330575724
1,g4_pr_perc_sum,10,0.03885521343909204,0.19711725809551034,0.03885521343909204,0.19711725809551034
2,f0_tsfc,1,0.4416930824518204,0.6645999416580025,0.4416930824518204,0.6645999416580025
2,f0_tsfc,2,0.2680342923849821,0.5177202839226817,0.2680342923849821,0.5177202839226817
2,f0_tsfc,3,0.10789221548475325,0.32846950464959945,0.10789221548475325,0.32846950464959945
2,f0_tsfc,4,0.13599039800465107,0.36876875952912697,0.13599039800465107,0.36876875952912697
2,f0_tsfc,5,0.05167668126523495,0.2273250563955389,0.05167668126523495,0.2273250563955389
2,f0_tsfc,6,0.07524251751601696,0.2743036957753522,0.07524251751601696,0.2743036957753522
2,f0_tsfc,7,0.020991828525438905,0.14488557045281944,0.020991828525438905,0.14488557045281944
2,f0_tsfc,8,0.03789194207638502,0.19465852685249888,0.03789194207638502,0.19465852685249888
2,f0_tsfc,9,0.019813740043900907,0.14076128744758237,0.019813740043900907,0.14076128744758237
2,f0_tsfc,10,0.016847601858898997,0.12979831223440078,0.016847601858898997,0.12979831223440078
2,g0_jet_mach,1,0.4354357626289129,0.6598755660190131,0.4354357626289129,0.6598755660190131
2,g0_jet_mach,2,0.23018226865679026,0.47977314290901096,0.23018226865679026,0.47977314290901096
2,g0_jet_mach,3,0.08471329626627266,0.29105548657648195,0.08471329626627266,0.29105548657648195
2,g0_jet_mach,4,0.12592230830341578,0.35485533433135225,0.12592230830341578,0.35485533433135225
2,g0_jet_mach,5,0.039423394366167486,0.19855325322484013,0.039423394366167486,0.19855325322484013
2,g0_jet_mach,6,0.06600221432745457,0.2569089611661192,0.06600221432745457,0.2569089611661192
2,g0_jet_mach,7,0.013730977196246386,0.11717925241375449,0.013730977196246386,0.11717925241375449
2,g0_jet_mach,8,0.03215130511671305,0.179307850125735,0.03215130511671305,0.179307850125735
2,g0_jet_mach,9,0.010099273873493075,0.10049514353187956,0.010099273873493075,0.10049514353187956
2,g0_jet_mach,10,0.011819429346360266,0.10871719894460244,0.011819429346360266,0.10871719894460244
2,g1_pr,1,0.5646711103618145,0.75144601293893,0.5646711103618145,0.75144601293893
2,g1_pr,2,0.31490808725357056,0.5611667196596485,0.31490808725357056,0.5611667196596485
2,g1_pr,3,0.24651786126196384,0.49650565078553116,0.24651786126196384,0.49650565078553116
2,g1_pr,4,0.16874090279452503,0.4107808452137527,0.16874090279452503,0.4107808452137527
2,g1_pr,5,0.05974169936962426,0.24442115164122818,0.05974169936962426,0.24442115164122818
2,g1_pr,6,0.09361167997121811,0.30596025881022215,0.09361167997121811,0.30596025881022215
2,g1_pr,7,0.051852426026016474,0.22771127777520478,0.051852426026016474,0.22771127777520478
2,g1_pr,8,0.040866708382964134,0.20215515917968588,0.040866708382964134,0.20215515917968588
2,g1_pr,9,0.043170331278815866,0.20777471279926213,0.043170331278815866,0.20777471279926213
2,g1_pr,10,0.028487136820331216,0.16878132841144253,0.028487136820331216,0.16878132841144253
2,g2_pr,1,0.5060541369020939,0.7113748216672374,0.5060541369020939,0.7113748216672374
2,g2_pr,2,0.34275881946086884,0.5854560781654494,0.34275881946086884,0.5854560781654494
2,g2_pr,3,0.18848126754164696,0.4341442934574252,0.18848126754164696,0.4341442934574252
2,g2_pr,4,0.15476150438189507,0.3933973873602811,0.15476150438189507,0.3933973873602811
2,g2_pr,5,0.07835560478270054,0.2799207116000896,0.07835560478270054,0.2799207116000896
2,g2_pr,6,0.07470967806875706,0.27333071190182245,0.07470967806875706,0.27333071190182245
2,g2_pr,7,0.05254851747304201,0.2292346341045393,0.05254851747304201,0.2292346341045393
2,g2_pr,8,0.054491773480549455,0.23343473066480372,0.054491773480549455,0.23343473066480372
2,g2_pr,9,0.04468952747993171,0.2113989770077701,0.04468952747993171,0.2113989770077701
2,g2_pr,10,0.030340606113895774,0.17418555081836087,0.030340606113895774,0.17418555081836087
2,g3_pr,1,0.8165009170770645,0.9036044029756963,0.8165009170770645,0.9036044029756963
2,g3_pr,2,0.29737853864207864,0.545324250920568,0.29737853864207864,0.545324250920568
2,g3_pr,3,0.21488268906250596,0.46355440787733426,0.21488268906250596,0.46355440787733426
2,g3_pr,4,0.11112050153315067,0.3333474186687977,0.11112050153315067,0.3333474186687977
2,g3_pr,5,0.09143668226897717,0.30238499015159,0.09143668226897717,0.30238499015159
2,g3_pr,6,0.03600540990009904,0.18975091541307262,0.03600540990009904,0.18975091541307262
2,g3_pr,7,0.05631229933351278,0.237302126694037,0.05631229933351278,0.237302126694037
2,g3_pr,8,0.023084532003849745,0.1519359470429883,0.023084532003849745,0.1519359470429883
2,g3_pr,9,0.0249700085259974,0.15801901317878617,0.0249700085259974,0.15801901317878617
2,g3_pr,10,0.015328007866628468,0.12380633209423687,0.015328007866628468,0.12380633209423687
2,g4_pr_perc_sum,1,0.4049995392560959,0.636395741073191,0.4049995392560959,0.636395741073191
2,g4_pr_perc_sum,2,0.46400411799550056,0.6811784773431266,0.46400411799550056,0.6811784773431266
2,g4_pr_perc_sum,3,0.2938408590853214,0.5420708985781486,0.2938408590853214,0.5420708985781486
2,g4_pr_perc_sum,4,0.10150384902954102,0.3185966870975607,0.10150384902954102,0.3185966870975607
2,g4_pr_perc_sum,5,0.058368006721138954,0.2415947158386105,0.058368006721138954,0.2415947158386105
2,g4_pr_perc_sum,6,0.0599029827862978,0.24475085860175813,0.0599029827862978,0.24475085860175813
2,g4_pr_perc_sum,7,0.04355738777667284,0.20870406746556916,0.04355738777667284,0.20870406746556916
2,g4_pr_perc_sum,8,0.0442355377599597,0.21032246137766575,0.0442355377599597,0.21032246137766575
2,g4_pr_perc_sum,9,0.039641236420720816,0.19910107086784043,0.039641236420720816,0.19910107086784043
2,g4_pr_perc_sum,10,0.038197994232177734,0.1954430715890889,0.038197994232177734,0.1954430715890889
3,f0_tsfc,1,0.5450051262974739,0.738244624970256,0.5450051262974739,0.738244624970256
3,f0_tsfc,2,0.43530908823013303,0.6597795754872479,0.43530908823013303,0.6597795754872479
3,f0_tsfc,3,0.1394851416349411,0.3734770965332963,0.1394851416349411,0.3734770965332963
3,f0_tsfc,4,0.16503526419401168,0.40624532513496286,0.16503526419401168,0.40624532513496286
3,f0_tsfc,5,0.037826346792280675,0.19448996578816263,0.037826346792280675,0.19448996578816263
3,f0_tsfc,6,0.03562103374861181,0.1887353537327117,0.03562103374861181,0.1887353537327117
3,f0_tsfc,7,0.0534798264503479,0.23125705708226052,0.0534798264503479,0.23125705708226052
3,f0_tsfc,8,0.019120862986892462,0.13827820864797338,0.019120862986892462,0.13827820864797338
3,f0_tsfc,9,0.03174657877534628,0.17817569636554328,0.03174657877534628,0.17817569636554328
3,f0_tsfc,10,0.01592230349779129,0.12618361025819197,0.01592230349779129,0.12618361025819197
3,g0_jet_mach,1,0.40849851071834564,0.639138882183165,0.40849851071834564,0.639138882183165
3,g0_jet_mach,2,0.3238395035266876,0.5690689795856805,0.3238395035266876,0.5690689795856805
3,g0_jet_mach,3,0.0705448972992599,0.26560289399639436,0.0705448972992599,0.26560289399639436
3,g0_jet_mach,4,0.12874457678408363,0.3588099452134565,0.12874457678408363,0.3588099452134565
3,g0_jet_mach,5,0.02306631747633219,0.15187599374599065,0.02306631747633219,0.15187599374599065
3,g0_jet_mach,6,0.03177408929914236,0.1782528801987288,0.03177408929914236,0.1782528801987288
3,g0_jet_mach,7,0.02833637297153473,0.16833411113477484,0.02833637297153473,0.16833411113477484
3,g0_jet_mach,8,0.009979135816683993,0.09989562461231219,0.009979135816683993,0.09989562461231219
3,g0_jet_mach,9,0.017858178890310227,0.13363449738114117,0.017858178890310227,0.13363449738114117
3,g0_jet_mach,10,0.006425470301110181,0.08015903131344702,0.006425470301110181,0.08015903131344702
3,g1_pr,1,0.5549395985901355,0.7449426814125605,0.5549395985901355,0.7449426814125605
3,g1_pr,2,0.25265803635120393,0.5026510085051098,0.25265803635120393,0.5026510085051098
3,g1_pr,3,0.22625414431095123,0.47566179614401577,0.22625414431095123,0.47566179614401577
3,g1_pr,4,0.2946630269289017,0.542828727066744,0.2946630269289017,0.542828727066744
3,g1_pr,5,0.0951954409480095,0.30853758433618667,0.0951954409480095,0.30853758433618667
3,g1_pr,6,0.062261723820120095,0.24952299256805993,0.062261723820120095,0.24952299256805993
3,g1_pr,7,0.07804427817463874,0.2793640602773355,0.07804427817463874,0.2793640602773355
3,g1_pr,8,0.056735794991254807,0.23819276855365448,0.056735794991254807,0.23819276855365448
3,g1_pr,9,0.06252702474594116,0.25005404365045003,0.06252702474594116,0.25005404365045003
3,g1_pr,10,0.030162672512233257,0.17367404098550035,0.030162672512233257,0.17367404098550035
3,g2_pr,1,0.3557713508605957,0.5964657164167909,0.3557713508605957,0.5964657164167909
3,g2_pr,2,0.3431964546442032,0.5858297147159771,0.3431964546442032,0.5858297147159771
3,g2_pr,3,0.19060593694448472,0.4365843984208377,0.19060593694448472,0.4365843984208377
3,g2_pr,4,0.1411093484610319,0.3756452428302958,0.1411093484610319,0.3756452428302958
3,g2_pr,5,0.09004554189741612,0.3000758935626388,0.09004554189741612,0.3000758935626388
3,g2_pr,6,0.041418060287833215,0.2035142753907775,0.041418060287833215,0.2035142753907775
3,g2_pr,7,0.046713271318003534,0.21613253183637934,0.046713271318003534,0.21613253183637934
3,g2_pr,8,0.02451441575831268,0.15657080110388616,0.02451441575831268,0.15657080110388616
3,g2_pr,9,0.027152085746638476,0.16477889957952285,0.027152085746638476,0.16477889957952285
3,g2_pr,10,0.02889206074178219,0.16997664763661563,0.02889206074178219,0.16997664763661563
3,g3_pr,1,0.4750180423259735,0.6892155267592087,0.4750180423259735,0.6892155267592087
3,g3_pr,2,0.2829173654317856,0.5318997700993916,0.2829173654317856,0.5318997700993916
3,g3_pr,3,0.13371696174144745,0.3656732991912965,0.13371696174144745,0.3656732991912965
3,g3_pr,4,0.1816033385694027,0.4261494322058903,0.1816033385694027,0.4261494322058903
3,g3_pr,5,0.08813092485070229,0.2968685312570234,0.08813092485070229,0.2968685312570234
3,g3_pr,6,0.0416903855279088,0.20418223607333916,0.0416903855279088,0.20418223607333916
3,g3_pr,7,0.06978378901258112,0.26416621474477225,0.06978378901258112,0.26416621474477225
3,g3_pr,8,0.023423290345817804,0.15304669335146645,0.023423290345817804,0.15304669335146645
3,g3_pr,9,0.025005849543958902,0.1581323798086872,0.025005849543958902,0.1581323798086872
3,g3_pr,10,0.018149514310061933,0.1347201332765891,0.018149514310061933,0.1347201332765891
3,g4_pr_perc_sum,1,0.5477008149027824,0.7400681150426509,0.5477008149027824,0.7400681150426509
3,g4_pr_perc_sum,2,0.3542404681444168,0.5951810381257259,0.3542404681444168,0.5951810381257259
3,g4_pr_perc_sum,3,0.16668621227145194,0.40827222814128805,0.16668621227145194,0.40827222814128805
3,g4_pr_perc_sum,4,0.13577549606561662,0.36847726668767045,0.13577549606561662,0.36847726668767045
3,g4_pr_perc_sum,5,0.09859241880476474,0.31399429740803375,0.09859241880476474,0.31399429740803375
3,g4_pr_perc_sum,6,0.10462965294718743,0.3234650722213875,0.10462965294718743,0.3234650722213875
3,g4_pr_perc_sum,7,0.05141149386763573,0.22674102819656555,0.05141149386763573,0.22674102819656555
3,g4_pr_perc_sum,8,0.04125077228560485,0.2031028613427316,0.04125077228560485,0.2031028613427316
3,g4_pr_perc_sum,9,0.037791673792526126,0.19440080707786717,0.037791673792526126,0.19440080707786717
3,g4_pr_perc_sum,10,0.03938533365726471,0.19845738499049287,0.03938533365726471,0.19845738499049287
4,f0_tsfc,1,0.459636302292347,0.6779648237868592,0.459636302292347,0.6779648237868592
4,f0_tsfc,2,0.17041318267583846,0.41281131607047605,0.17041318267583846,0.41281131607047605
4,f0_tsfc,3,0.1359209731221199,0.36867461686712294,0.1359209731221199,0.36867461686712294
4,f0_tsfc,4,0.11898397803306579,0.34494054275058156,0.11898397803306579,0.34494054275058156
4,f0_tsfc,5,0.04037461914122105,0.20093436525696903,0.04037461914122105,0.20093436525696903
4,f0_tsfc,6,0.0432672256603837,0.2080077538467826,0.0432672256603837,0.2080077538467826
4,f0_tsfc,7,0.02822413984686136,0.16800041621038134,0.02822413984686136,0.16800041621038134
4,f0_tsfc,8,0.018528738617897035,0.13612030935131259,0.018528738617897035,0.13612030935131259
4,f0_tsfc,9,0.021658267453312875,0.14716748096408008,0.021658267453312875,0.14716748096408008
4,f0_tsfc,10,0.0170669665094465,0.13064060053997953,0.0170669665094465,0.13064060053997953
4,g0_jet_mach,1,0.3727310746908188,0.6105170552006052,0.3727310746908188,0.6105170552006052
4,g0_jet_mach,2,0.15335165709257126,0.3916014007796336,0.15335165709257126,0.3916014007796336
4,g0_jet_mach,3,0.11095525324344635,0.3330994644898823,0.11095525324344635,0.3330994644898823
4,g0_jet_mach,4,0.11550592482089997,0.33986162599049036,0.11550592482089997,0.33986162599049036
4,g0_jet_mach,5,0.033233629912137984,0.18230093228543287,0.033233629912137984,0.18230093228543287
4,g0_jet_mach,6,0.021300281491130592,0.14594615956280108,0.021300281491130592,0.14594615956280108
4,g0_jet_mach,7,0.02169440556317568,0.14729020864665676,0.02169440556317568,0.14729020864665676
4,g0_jet_mach,8,0.011438932549208403,0.10695294549103547,0.011438932549208403,0.10695294549103547
4,g0_jet_mach,9,0.016688341461122035,0.1291833637165484,0.016688341461122035,0.1291833637165484
4,g0_jet_mach,10,0.007249270286411047,0.08514264669606558,0.007249270286411047,0.08514264669606558
4,g1_pr,1,0.38036900460720063,0.616740629930606,0.38036900460720063,0.616740629930606
4,g1_pr,2,0.10330237671732903,0.32140687098649434,0.10330237671732903,0.32140687098649434
4,g1_pr,3,0.09723145440220833,0.31181958630305495,0.09723145440220833,0.31181958630305495
4,g1_pr,4,0.056343714147806166,0.23736830906379683,0.056343714147806166,0.23736830906379683
4,g1_pr,5,0.037935974076390266,0.1947715946343056,0.037935974076390266,0.1947715946343056
4,g1_pr,6,0.048422053828835486,0.22005011662990656,0.048422053828835486,0.22005011662990656
4,g1_pr,7,0.05043317284435034,0.22457331284983606,0.05043317284435034,0.22457331284983606
4,g1_pr,8,0.04223783947527408,0.20551846504699786,0.04223783947527408,0.20551846504699786
4,g1_pr,9,0.029672714695334435,0.17225769850817824,0.029672714695334435,0.17225769850817824
4,g1_pr,10,0.03323134370148182,0.18229466174707865,0.03323134370148182,0.18229466174707865
4,g2_pr,1,0.4254047065973282,0.6522305624526715,0.4254047065973282,0.6522305624526715
4,g2_pr,2,0.17805094942450522,0.4219608387332943,0.17805094942450522,0.4219608387332943
4,g2_pr,3,0.0951494563370943,0.3084630550602362,0.0951494563370943,0.3084630550602362
4,g2_pr,4,0.1121397227048874,0.3348726962666371,0.1121397227048874,0.3348726962666371
4,g2_pr,5,0.05211741216480732,0.22829238306349015,0.05211741216480732,0.22829238306349015
4,g2_pr,6,0.041552933119237426,0.2038453657045885,0.041552933119237426,0.2038453657045885
4,g2_pr,7,0.030696631968021394,0.17520454322882553,0.030696631968021394,0.17520454322882553
4,g2_pr,8,0.027315113134682177,0.1652728445168237,0.027315113134682177,0.1652728445168237
4,g2_pr,9,0.026911648362874983,0.16404770148610734,0.026911648362874983,0.16404770148610734
4,g2_pr,10,0.024521350860595703,0.15659294639477125,0.024521350860595703,0.15659294639477125
4,g3_pr,1,0.38493074774742125,0.6204278747343814,0.38493074774742125,0.6204278747343814
4,g3_pr,2,0.08943079859018326,0.29904982626676657,0.08943079859018326,0.29904982626676657
4,g3_pr,3,0.07496226727962493,0.27379237987866817,0.07496226727962493,0.27379237987866817
4,g3_pr,4,0.0597857378423214,0.24451122232388722,0.0597857378423214,0.24451122232388722
4,g3_pr,5,0.024536294303834437,0.1566406534199677,0.024536294303834437,0.1566406534199677
4,g3_pr,6,0.01480743456631899,0.12168580264894911,0.01480743456631899,0.12168580264894911
4,g3_pr,7,0.01669424641877413,0.12920621664136028,0.01669424641877413,0.12920621664136028
4,g3_pr,8,0.01689745057374239,0.12999019414456764,0.01689745057374239,0.12999019414456764
4,g3_pr,9,0.010660508647561073,0.10324973921304147,0.010660508647561073,0.10324973921304147
4,g3_pr,10,0.007251264853402972,0.0851543589806357,0.007251264853402972,0.0851543589806357
4,g4_pr_perc_sum,1,0.5430530905723572,0.7369213598290913,0.5430530905723572,0.7369213598290913
4,g4_pr_perc_sum,2,0.26016876101493835,0.5100674083049596,0.26016876101493835,0.5100674083049596
4,g4_pr_perc_sum,3,0.12103984951972961,0.34790781756052797,0.12103984951972961,0.34790781756052797
4,g4_pr_perc_sum,4,0.09387465193867683,0.30638970599332616,0.09387465193867683,0.30638970599332616
4,g4_pr_perc_sum,5,0.06701860651373863,0.25887952123282876,0.06701860651373863,0.25887952123282876
4,g4_pr_perc_sum,6,0.055717379599809644,0.23604529141630773,0.055717379599809644,0.23604529141630773
4,g4_pr_perc_sum,7,0.038517195731401443,0.1962579825928144,0.038517195731401443,0.1962579825928144
4,g4_pr_perc_sum,8,0.03455009143799544,0.1858765489188871,0.03455009143799544,0.1858765489188871
4,g4_pr_perc_sum,9,0.028071539476513863,0.16754563401209194,0.028071539476513863,0.16754563401209194
4,g4_pr_perc_sum,10,0.02395713310688734,0.15478091971198304,0.02395713310688734,0.15478091971198304
5,f0_tsfc,1,0.2049114185695847,0.4526714245118469,0.2049114185695847,0.4526714245118469
5,f0_tsfc,2,0.10730232826123635,0.32757034093647175,0.10730232826123635,0.32757034093647175
5,f0_tsfc,3,0.054058114532381296,0.23250400971248064,0.054058114532381296,0.23250400971248064
5,f0_tsfc,4,0.05260413264234861,0.22935590823510218,0.05260413264234861,0.22935590823510218
5,f0_tsfc,5,0.04425569282223781,0.21037037059015182,0.04425569282223781,0.21037037059015182
5,f0_tsfc,6,0.04323765270237345,0.20793665550444312,0.04323765270237345,0.20793665550444312
5,f0_tsfc,7,0.0399484703472505,0.19987113435223833,0.0399484703472505,0.19987113435223833
5,f0_tsfc,8,0.02720199804753065,0.16493028238480237,0.02720199804753065,0.16493028238480237
5,f0_tsfc,9,0.05144636332988739,0.22681790786859707,0.05144636332988739,0.22681790786859707
5,f0_tsfc,10,0.041608572782327734,0.203981795222828,0.041608572782327734,0.203981795222828
5,g0_jet_mach,1,0.2786366169651349,0.527860414281214,0.2786366169651349,0.527860414281214
5,g0_jet_mach,2,0.1742521207779646,0.41743516955087123,0.1742521207779646,0.41743516955087123
5,g0_jet_mach,3,0.06656231824308634,0.25799674076058854,0.06656231824308634,0.25799674076058854
5,g0_jet_mach,4,0.02398953524728616,0.15488555532161855,0.02398953524728616,0.15488555532161855
5,g0_jet_mach,5,0.03498999229971863,0.18705612072241481,0.03498999229971863,0.18705612072241481
5,g0_jet_mach,6,0.025456486066104844,0.15955088864091244,0.025456486066104844,0.15955088864091244
5,g0_jet_mach,7,0.021470405549431842,0.14652783199594485,0.021470405549431842,0.14652783199594485
5,g0_jet_mach,8,0.00885524150605003,0.09410229277785973,0.00885524150605003,0.09410229277785973
5,g0_jet_mach,9,0.010369265995298823,0.10182959292513559,0.010369265995298823,0.10182959292513559
5,g0_jet_mach,10,0.016108717832442682,0.12692012382771567,0.016108717832442682,0.12692012382771567
5,g1_pr,1,0.2651130923380454,0.5148913403214754,0.2651130923380454,0.5148913403214754
5,g1_pr,2,0.19325089330474535,0.4396031088433581,0.19325089330474535,0.4396031088433581
5,g1_pr,3,0.04147298696140448,0.2036491761864125,0.04147298696140448,0.2036491761864125
5,g1_pr,4,0.05460675743718942,0.23368088804433584,0.05460675743718942,0.23368088804433584
5,g1_pr,5,0.0328582822324582,0.18126853624514708,0.0328582822324582,0.18126853624514708
5,g1_pr,6,0.029842850286513567,0.1727508329546158,0.029842850286513567,0.1727508329546158
5,g1_pr,7,0.03149635288476323,0.1774721186123703,0.03149635288476323,0.1774721186123703
5,g1_pr,8,0.04221451049670577,0.20546170080262105,0.04221451049670577,0.20546170080262105
5,g1_pr,9,0.059854655526578426,0.24465211122444544,0.059854655526578426,0.24465211122444544
5,g1_pr,10,0.03282338019926101,0.18117223904136365,0.03282338019926101,0.18117223904136365
5,g2_pr,1,0.24353878137965998,0.49349648568116466,0.24353878137965998,0.49349648568116466
5,g2_pr,2,0.19815810769796371,0.4451495340871017,0.19815810769796371,0.4451495340871017
5,g2_pr,3,0.10117552949426074,0.31808101089857715,0.10117552949426074,0.31808101089857715
5,g2_pr,4,0.09127944731153548,0.30212488694501066,0.09127944731153548,0.30212488694501066
5,g2_pr,5,0.06131108043094476,0.24761074377123615,0.06131108043094476,0.24761074377123615
5,g2_pr,6,0.022630810854025185,0.15043540425719334,0.022630810854025185,0.15043540425719334
5,g2_pr,7,0.025346408171268802,0.15920555320487034,0.025346408171268802,0.15920555320487034
5,g2_pr,8,0.019603932509198785,0.1400140439713059,0.019603932509198785,0.1400140439713059
5,g2_pr,9,0.02041667401014517,0.14288692735917155,0.02041667401014517,0.14288692735917155
5,g2_pr,10,0.028476343567793567,0.16874935131073412,0.028476343567793567,0.16874935131073412
5,g3_pr,1,0.7625148370862007,0.8732209554781657,0.7625148370862007,0.8732209554781657
5,g3_pr,2,0.2775168716907501,0.5267987012994149,0.2775168716907501,0.5267987012994149
5,g3_pr,3,0.13818464986979961,0.37173195970994966,0.13818464986979961,0.37173195970994966
5,g3_pr,4,0.09589639119803905,0.30967142457456265,0.09589639119803905,0.30967142457456265
5,g3_pr,5,0.06672306172549725,0.2583080752231669,0.06672306172549725,0.2583080752231669
5,g3_pr,6,0.04004846389094988,0.20012112305039137,0.04004846389094988,0.20012112305039137
5,g3_pr,7,0.03431663482115255,0.18524749612654026,0.03431663482115255,0.18524749612654026
5,g3_pr,8,0.017660224499801796,0.13289177739725583,0.017660224499801796,0.13289177739725583
5,g3_pr,9,0.016410385413716238,0.12810302655954792,0.016410385413716238,0.12810302655954792
5,g3_pr,10,0.008504152686024705,0.0922179629249351,0.008504152686024705,0.0922179629249351
5,g4_pr_perc_sum,1,0.33310652772585553,0.5771538163486883,0.33310652772585553,0.5771538163486883
5,g4_pr_perc_sum,2,0.1876451683541139,0.4331802954361081,0.1876451683541139,0.4331802954361081
5,g4_pr_perc_sum,3,0.14885421097278595,0.38581629174101234,0.14885421097278595,0.38581629174101234
5,g4_pr_perc_sum,4,0.04151091786722342,0.20374228296360924,0.04151091786722342,0.20374228296360924
5,g4_pr_perc_sum,5,0.05765164860834678,0.24010757715729586,0.05765164860834678,0.24010757715729586
5,g4_pr_perc_sum,6,0.037836647185031325,0.194516444510564,0.037836647185031325,0.194516444510564
5,g4_pr_perc_sum,7,0.02859189563120405,0.16909138248652428,0.02859189563120405,0.16909138248652428
5,g4_pr_perc_sum,8,0.03766801611830791,0.19408249822770704,0.03766801611830791,0.19408249822770704
5,g4_pr_perc_sum,9,0.047962551626066365,0.21900354249661436,0.047962551626066365,0.21900354249661436
5,g4_pr_perc_sum,10,0.057030712409565844,0.23881103912835738,0.057030712409565844,0.23881103912835738
6,f0_tsfc,1,0.41742000977198285,0.6460804979040792,0.41742000977198285,0.6460804979040792
6,f0_tsfc,2,0.39060549437999725,0.6249843953091927,0.39060549437999725,0.6249843953091927
6,f0_tsfc,3,0.31256548936168355,0.559075566772224,0.31256548936168355,0.559075566772224
6,f0_tsfc,4,0.07313831709325314,0.27044096785297367,0.07313831709325314,0.27044096785297367
6,f0_tsfc,5,0.08060210198163986,0.28390509326470326,0.08060210198163986,0.28390509326470326
6,f0_tsfc,6,0.0319644579042991,0.17878606742221023,0.0319644579042991,0.17878606742221023
6,f0_tsfc,7,0.037742545207341514,0.19427440697977053,0.037742545207341514,0.19427440697977053
6,f0_tsfc,8,0.024497274154176314,0.15651605078769498,0.024497274154176314,0.15651605078769498
6,f0_tsfc,9,0.018763012369163334,0.13697814558959154,0.018763012369163334,0.13697814558959154
6,f0_tsfc,10,0.013782374716053406,0.11739835908586374,0.013782374716053406,0.11739835908586374
6,g0_jet_mach,1,0.30781622712189954,0.5548118844454394,0.30781622712189954,0.5548118844454394
6,g0_jet_mach,2,0.17440894370277724,0.417622968361149,0.17440894370277724,0.417622968361149
6,g0_jet_mach,3,0.1661143854726106,0.40757132562609283,0.1661143854726106,0.40757132562609283
6,g0_jet_mach,4,0.06759882594148318,0.25999774218535665,0.06759882594148318,0.25999774218535665
6,g0_jet_mach,5,0.027337538388868172,0.16534067372811861,0.027337538388868172,0.16534067372811861
6,g0_jet_mach,6,0.022663119869927566,0.15054275097103667,0.022663119869927566,0.15054275097103667
6,g0_jet_mach,7,0.01176177516269187,0.10845171811774985,0.01176177516269187,0.10845171811774985
6,g0_jet_mach,8,0.013524443842470646,0.11629464236356998,0.013524443842470646,0.11629464236356998
6,g0_jet_mach,9,0.0136522032165279,0.11684264297133945,0.0136522032165279,0.11684264297133945
6,g0_jet_mach,10,0.016426167528455455,0.12816461106114846,0.016426167528455455,0.12816461106114846
6,g1_pr,1,0.49466246490677196,0.7033224473218326,0.49466246490677196,0.7033224473218326
6,g1_pr,2,0.45756611973047256,0.6764363382687779,0.45756611973047256,0.6764363382687779
6,g1_pr,3,0.22119135906298956,0.47030985431201583,0.22119135906298956,0.47030985431201583
6,g1_pr,4,0.0629927571862936,0.2509835795152615,0.0629927571862936,0.2509835795152615
6,g1_pr,5,0.10996550507843494,0.331610471907078,0.10996550507843494,0.331610471907078
6,g1_pr,6,0.046770965990920864,0.2162659612396756,0.046770965990920864,0.2162659612396756
6,g1_pr,7,0.050234087432424225,0.22412962194325012,0.050234087432424225,0.22412962194325012
6,g1_pr,8,0.028881400513152283,0.16994528682241317,0.028881400513152283,0.16994528682241317
6,g1_pr,9,0.032747763519485794,0.18096343144261437,0.032747763519485794,0.18096343144261437
6,g1_pr,10,0.02008502883836627,0.1417216597361401,0.02008502883836627,0.1417216597361401
6,g2_pr,1,0.18448414777716002,0.42951617871409686,0.18448414777716002,0.42951617871409686
6,g2_pr,2,0.1158539755269885,0.3403732885039431,0.1158539755269885,0.3403732885039431
6,g2_pr,3,0.07897364099820454,0.2810224919792089,0.07897364099820454,0.2810224919792089
6,g2_pr,4,0.09972055908292532,0.31578562203324795,0.09972055908292532,0.31578562203324795
6,g2_pr,5,0.04364435452347001,0.20891231300110102,0.04364435452347001,0.20891231300110102
6,g2_pr,6,0.02761974387491743,0.16619188871577767,0.02761974387491743,0.16619188871577767
6,g2_pr,7,0.022194179551055033,0.14897711082933188,0.022194179551055033,0.14897711082933188
6,g2_pr,8,0.03338027582503855,0.1827026979139568,0.03338027582503855,0.1827026979139568
6,g2_pr,9,0.031765998884414635,0.17823018511019573,0.031765998884414635,0.17823018511019573
6,g2_pr,10,0.03168770973570645,0.1780104203009095,0.03168770973570645,0.1780104203009095
6,g3_pr,1,0.6839244489868482,0.8269972484759839,0.6839244489868482,0.8269972484759839
6,g3_pr,2,0.20738311608632407,0.4553933641219688,0.20738311608632407,0.4553933641219688
6,g3_pr,3,0.11746482799450557,0.3427314225373938,0.11746482799450557,0.3427314225373938
6,g3_pr,4,0.05491035835196575,0.23432959341911075,0.05491035835196575,0.23432959341911075
6,g3_pr,5,0.06247519298146168,0.24995038103884076,0.06247519298146168,0.24995038103884076
6,g3_pr,6,0.04336279879013697,0.2082373616576453,0.04336279879013697,0.2082373616576453
6,g3_pr,7,0.02704342578848203,0.16444885462806372,0.02704342578848203,0.16444885462806372
6,g3_pr,8,0.015150224169095358,0.12308624687224547,0.015150224169095358,0.12308624687224547
6,g3_pr,9,0.01364323504579564,0.11680425953618147,0.01364323504579564,0.11680425953618147
6,g3_pr,10,0.008507294968391458,0.09223499860894159,0.008507294968391458,0.09223499860894159
6,g4_pr_perc_sum,1,0.4009793686370055,0.633229317575399,0.4009793686370055,0.633229317575399
6,g4_pr_perc_sum,2,0.19592488805452982,0.44263403399934104,0.19592488805452982,0.44263403399934104
6,g4_pr_perc_sum,3,0.10273394050697486,0.32052135733360243,0.10273394050697486,0.32052135733360243
6,g4_pr_perc_sum,4,0.03753903725494941,0.1937499348514714,0.03753903725494941,0.1937499348514714
6,g4_pr_perc_sum,5,0.02693071309477091,0.1641057984800382,0.02693071309477091,0.1641057984800382
6,g4_pr_perc_sum,6,0.02724004304036498,0.16504557867560396,0.02724004304036498,0.16504557867560396
6,g4_pr_perc_sum,7,0.02115444481993715,0.14544567652542015,0.02115444481993715,0.14544567652542015
6,g4_pr_perc_sum,8,0.021275499457260594,0.14586123356553857,0.021275499457260594,0.14586123356553857
6,g4_pr_perc_sum,9,0.02206088862537096,0.14852908343274376,0.02206088862537096,0.14852908343274376
6,g4_pr_perc_sum,10,0.02662065081919233,0.16315836116850505,0.02662065081919233,0.16315836116850505
7,f0_tsfc,1,0.41742000977198285,0.6460804979040792,0.41742000977198285,0.6460804979040792
7,f0_tsfc,2,0.39060549437999725,0.6249843953091927,0.39060549437999725,0.6249843953091927
7,f0_tsfc,3,0.31256548936168355,0.559075566772224,0.31256548936168355,0.559075566772224
7,f0_tsfc,4,0.07313831709325314,0.27044096785297367,0.07313831709325314,0.27044096785297367
7,f0_tsfc,5,0.08060210198163986,0.28390509326470326,0.08060210198163986,0.28390509326470326
7,f0_tsfc,6,0.0319644579042991,0.17878606742221023,0.0319644579042991,0.17878606742221023
7,f0_tsfc,7,0.037742545207341514,0.19427440697977053,0.037742545207341514,0.19427440697977053
7,f0_tsfc,8,0.024497274154176314,0.15651605078769498,0.024497274154176314,0.15651605078769498
7,f0_tsfc,9,0.018763012369163334,0.13697814558959154,0.018763012369163334,0.13697814558959154
7,f0_tsfc,10,0.013782374716053406,0.11739835908586374,0.013782374716053406,0.11739835908586374
7,g0_jet_mach,1,0.30781622712189954,0.5548118844454394,0.30781622712189954,0.5548118844454394
7,g0_jet_mach,2,0.17440894370277724,0.417622968361149,0.17440894370277724,0.417622968361149
7,g0_jet_mach,3,0.1661143854726106,0.40757132562609283,0.1661143854726106,0.40757132562609283
7,g0_jet_mach,4,0.06759882594148318,0.25999774218535665,0.06759882594148318,0.25999774218535665
7,g0_jet_mach,5,0.027337538388868172,0.16534067372811861,0.027337538388868172,0.16534067372811861
7,g0_jet_mach,6,0.022663119869927566,0.15054275097103667,0.022663119869927566,0.15054275097103667
7,g0_jet_mach,7,0.01176177516269187,0.10845171811774985,0.01176177516269187,0.10845171811774985
7,g0_jet_mach,8,0.013524443842470646,0.11629464236356998,0.013524443842470646,0.11629464236356998
7,g0_jet_mach,9,0.0136522032165279,0.11684264297133945,0.0136522032165279,0.11684264297133945
7,g0_jet_mach,10,0.016426167528455455,0.12816461106114846,0.016426167528455455,0.12816461106114846
7,g1_pr,1,0.49466246490677196,0.7033224473218326,0.49466246490677196,0.7033224473218326
7,g1_pr,2,0.45756611973047256,0.6764363382687779,0.45756611973047256,0.6764363382687779
7,g1_pr,3,0.22119135906298956,0.47030985431201583,0.22119135906298956,0.47030985431201583
7,g1_pr,4,0.0629927571862936,0.2509835795152615,0.0629927571862936,0.2509835795152615
7,g1_pr,5,0.10996550507843494,0.331610471907078,0.10996550507843494,0.331610471907078
7,g1_pr,6,0.046770965990920864,0.2162659612396756,0.046770965990920864,0.2162659612396756
7,g1_pr,7,0.050234087432424225,0.22412962194325012,0.050234087432424225,0.22412962194325012
7,g1_pr,8,0.028881400513152283,0.16994528682241317,0.028881400513152283,0.16994528682241317
7,g1_pr,9,0.032747763519485794,0.18096343144261437,0.032747763519485794,0.18096343144261437
7,g1_pr,10,0.02008502883836627,0.1417216597361401,0.02008502883836627,0.1417216597361401
7,g2_pr,1,0.18448414777716002,0.42951617871409686,0.18448414777716002,0.42951617871409686
7,g2_pr,2,0.1158539755269885,0.3403732885039431,0.1158539755269885,0.3403732885039431
7,g2_pr,3,0.07897364099820454,0.2810224919792089,0.07897364099820454,0.2810224919792089
7,g2_pr,4,0.09972055908292532,0.31578562203324795,0.09972055908292532,0.31578562203324795
7,g2_pr,5,0.04364435452347001,0.20891231300110102,0.04364435452347001,0.20891231300110102
7,g2_pr,6,0.02761974387491743,0.16619188871577767,0.02761974387491743,0.16619188871577767
7,g2_pr,7,0.022194179551055033,0.14897711082933188,0.022194179551055033,0.14897711082933188
7,g2_pr,8,0.03338027582503855,0.1827026979139568,0.03338027582503855,0.1827026979139568
7,g2_pr,9,0.031765998884414635,0.17823018511019573,0.031765998884414635,0.17823018511019573
7,g2_pr,10,0.03168770973570645,0.1780104203009095,0.03168770973570645,0.1780104203009095
7,g3_pr,1,0.6839244489868482,0.8269972484759839,0.6839244489868482,0.8269972484759839
7,g3_pr,2,0.20738311608632407,0.4553933641219688,0.20738311608632407,0.4553933641219688
7,g3_pr,3,0.11746482799450557,0.3427314225373938,0.11746482799450557,0.3427314225373938
7,g3_pr,4,0.05491035835196575,0.23432959341911075,0.05491035835196575,0.23432959341911075
7,g3_pr,5,0.06247519298146168,0.24995038103884076,0.06247519298146168,0.24995038103884076
7,g3_pr,6,0.04336279879013697,0.2082373616576453,0.04336279879013697,0.2082373616576453
7,g3_pr,7,0.02704342578848203,0.16444885462806372,0.02704342578848203,0.16444885462806372
7,g3_pr,8,0.015150224169095358,0.12308624687224547,0.015150224169095358,0.12308624687224547
7,g3_pr,9,0.01364323504579564,0.11680425953618147,0.01364323504579564,0.11680425953618147
7,g3_pr,10,0.008507294968391458,0.09223499860894159,0.008507294968391458,0.09223499860894159
7,g4_pr_perc_sum,1,0.4009793686370055,0.633229317575399,0.4009793686370055,0.633229317575399
7,g4_pr_perc_sum,2,0.19592488805452982,0.44263403399934104,0.19592488805452982,0.44263403399934104
7,g4_pr_perc_sum,3,0.10273394050697486,0.32052135733360243,0.10273394050697486,0.32052135733360243
7,g4_pr_perc_sum,4,0.03753903725494941,0.1937499348514714,0.03753903725494941,0.1937499348514714
7,g4_pr_perc_sum,5,0.02693071309477091,0.1641057984800382,0.02693071309477091,0.1641057984800382
7,g4_pr_perc_sum,6,0.02724004304036498,0.16504557867560396,0.02724004304036498,0.16504557867560396
7,g4_pr_perc_sum,7,0.02115444481993715,0.14544567652542015,0.02115444481993715,0.14544567652542015
7,g4_pr_perc_sum,8,0.021275499457260594,0.14586123356553857,0.021275499457260594,0.14586123356553857
7,g4_pr_perc_sum,9,0.02206088862537096,0.14852908343274376,0.02206088862537096,0.14852908343274376
7,g4_pr_perc_sum,10,0.02662065081919233,0.16315836116850505,0.02662065081919233,0.16315836116850505
8,f0_tsfc,1,0.3187476694583893,0.5645774255656962,0.3187476694583893,0.5645774255656962
8,f0_tsfc,2,0.07438915657500426,0.2727437562530154,0.07438915657500426,0.2727437562530154
8,f0_tsfc,3,0.09094193826119105,0.301565810829396,0.09094193826119105,0.301565810829396
8,f0_tsfc,4,0.09117844204107921,0.30195768253362787,0.09117844204107921,0.30195768253362787
8,f0_tsfc,5,0.044253972048560776,0.21036628068338514,0.044253972048560776,0.21036628068338514
8,f0_tsfc,6,0.022609087793777388,0.1503631862983004,0.022609087793777388,0.1503631862983004
8,f0_tsfc,7,0.01936756120994687,0.13916738558278255,0.01936756120994687,0.13916738558278255
8,f0_tsfc,8,0.013672432707001766,0.11692917816781988,0.013672432707001766,0.11692917816781988
8,f0_tsfc,9,0.011594156579424938,0.10767616532652403,0.011594156579424938,0.10767616532652403
8,f0_tsfc,10,0.015271573327481747,0.12357820733236806,0.015271573327481747,0.12357820733236806
8,g0_jet_mach,1,0.3623619486267368,0.601965072597021,0.3623619486267368,0.601965072597021
8,g0_jet_mach,2,0.13419905739525953,0.36633189513781017,0.13419905739525953,0.36633189513781017
8,g0_jet_mach,3,0.10443664978568752,0.3231665975711096,0.10443664978568752,0.3231665975711096
8,g0_jet_mach,4,0.07556414107481639,0.2748893251379842,0.07556414107481639,0.2748893251379842
8,g0_jet_mach,5,0.02660378534346819,0.16310666860514375,0.02660378534346819,0.16310666860514375
8,g0_jet_mach,6,0.025839899433776736,0.1607479375723892,0.025839899433776736,0.1607479375723892
8,g0_jet_mach,7,0.011714472280194363,0.10823341572820458,0.011714472280194363,0.10823341572820458
8,g0_jet_mach,8,0.010286325045550862,0.10142152160932541,0.010286325045550862,0.10142152160932541
8,g0_jet_mach,9,0.007991073148635527,0.08939280255499056,0.007991073148635527,0.08939280255499056
8,g0_jet_mach,10,0.007642991413983206,0.08742420382241525,0.007642991413983206,0.08742420382241525
8,g1_pr,1,0.366092287003994,0.605055606538766,0.366092287003994,0.605055606538766
8,g1_pr,2,0.16593539776901403,0.40735168806452005,0.16593539776901403,0.40735168806452005
8,g1_pr,3,0.15871816221624613,0.3983944806548481,0.15871816221624613,0.3983944806548481
8,g1_pr,4,0.10398426031072934,0.3224659056562869,0.10398426031072934,0.3224659056562869
8,g1_pr,5,0.04954594932496548,0.2225891940884945,0.04954594932496548,0.2225891940884945
8,g1_pr,6,0.03850163767735163,0.19621834184742168,0.03850163767735163,0.19621834184742168
8,g1_pr,7,0.026081987967093784,0.16149918875057478,0.026081987967093784,0.16149918875057478
8,g1_pr,8,0.026636201810712617,0.16320601033881263,0.026636201810712617,0.16320601033881263
8,g1_pr,9,0.021468037118514378,0.14651974992646682,0.021468037118514378,0.14651974992646682
8,g1_pr,10,0.027727823238819838,0.16651673561182923,0.027727823238819838,0.16651673561182923
8,g2_pr,1,0.2890076568971078,0.5375943237210636,0.2890076568971078,0.5375943237210636
8,g2_pr,2,0.09431788744404912,0.3071121740407715,0.09431788744404912,0.3071121740407715
8,g2_pr,3,0.07746828875193994,0.278331257231271,0.07746828875193994,0.278331257231271
8,g2_pr,4,0.03791518183425069,0.1947182113574657,0.03791518183425069,0.1947182113574657
8,g2_pr,5,0.020485895841072004,0.14312894829863038,0.020485895841072004,0.14312894829863038
8,g2_pr,6,0.02156802041766544,0.14686054751928934,0.02156802041766544,0.14686054751928934
8,g2_pr,7,0.01992817708135893,0.14116719548591639,0.01992817708135893,0.14116719548591639
8,g2_pr,8,0.018872209669401247,0.13737616121220322,0.018872209669401247,0.13737616121220322
8,g2_pr,9,0.018826467916369438,0.13720957662047295,0.018826467916369438,0.13720957662047295
8,g2_pr,10,0.02334488610116144,0.15279033379491466,0.02334488610116144,0.15279033379491466
8,g3_pr,1,0.47338013102610904,0.6880262575121018,0.47338013102610904,0.6880262575121018
8,g3_pr,2,0.180286950742205,0.42460210873499554,0.180286950742205,0.42460210873499554
8,g3_pr,3,0.10476650577038527,0.3236765449803017,0.10476650577038527,0.3236765449803017
8,g3_pr,4,0.06173564369479815,0.2484665846644135,0.06173564369479815,0.2484665846644135
8,g3_pr,5,0.02101830905303359,0.14497692593317596,0.02101830905303359,0.14497692593317596
8,g3_pr,6,0.010551257447029153,0.10271931389485209,0.010551257447029153,0.10271931389485209
8,g3_pr,7,0.009817115283415964,0.09908135689127377,0.009817115283415964,0.09908135689127377
8,g3_pr,8,0.0068285792755583925,0.08263521813100268,0.0068285792755583925,0.08263521813100268
8,g3_pr,9,0.0036987516893229135,0.06081736338680684,0.0036987516893229135,0.06081736338680684
8,g3_pr,10,0.005493219243362546,0.07411625491997384,0.005493219243362546,0.07411625491997384
8,g4_pr_perc_sum,1,0.4230315921207269,0.6504087884713173,0.4230315921207269,0.6504087884713173
8,g4_pr_perc_sum,2,0.21095857148369154,0.459302265924839,0.21095857148369154,0.459302265924839
8,g4_pr_perc_sum,3,0.13337663809458414,0.36520766434260954,0.13337663809458414,0.36520766434260954
8,g4_pr_perc_sum,4,0.095132560779651,0.30843566716521453,0.095132560779651,0.30843566716521453
8,g4_pr_perc_sum,5,0.049310452615221344,0.22205956996990997,0.049310452615221344,0.22205956996990997
8,g4_pr_perc_sum,6,0.056200810397664704,0.2370671010445454,0.056200810397664704,0.2370671010445454
8,g4_pr_perc_sum,7,0.04385601698110501,0.20941828234685006,0.04385601698110501,0.20941828234685006
8,g4_pr_perc_sum,8,0.0383160716543595,0.1957449147598974,0.0383160716543595,0.1957449147598974
8,g4_pr_perc_sum,9,0.03372481279075146,0.18364316701350872,0.03372481279075146,0.18364316701350872
8,g4_pr_perc_sum,10,0.047310901805758476,0.21751069354346345,0.047310901805758476,0.21751069354346345
9,f0_tsfc,1,0.3180207660687821,0.5639332993083331,0.3180207660687821,0.5639332993083331
9,f0_tsfc,2,0.09513120166957378,0.30843346392629606,0.09513120166957378,0.30843346392629606
9,f0_tsfc,3,0.05535450843828065,0.23527538850946703,0.05535450843828065,0.23527538850946703
9,f0_tsfc,4,0.026313777746898786,0.16221522045387352,0.026313777746898786,0.16221522045387352
9,f0_tsfc,5,0.01542525236228747,0.1241984394519008,0.01542525236228747,0.1241984394519008
9,f0_tsfc,6,0.014476789959839411,0.12031953274443602,0.014476789959839411,0.12031953274443602
9,f0_tsfc,7,0.013714672798024756,0.11710966142050261,0.013714672798024756,0.11710966142050261
9,f0_tsfc,8,0.017477782243596657,0.13220356365694783,0.017477782243596657,0.13220356365694783
9,f0_tsfc,9,0.014974581177479454,0.1223706712308119,0.014974581177479454,0.1223706712308119
9,f0_tsfc,10,0.018674566210912808,0.13665491652667608,0.018674566210912808,0.13665491652667608
9,g0_jet_mach,1,0.47571670157568796,0.6897221915928818,0.47571670157568796,0.6897221915928818
9,g0_jet_mach,2,0.07091876638254949,0.2663057760968573,0.07091876638254949,0.2663057760968573
9,g0_jet_mach,3,0.04284770021747265,0.2069968604048686,0.04284770021747265,0.2069968604048686
9,g0_jet_mach,4,0.023613547640187398,0.1536670024442053,0.023613547640187398,0.1536670024442053
9,g0_jet_mach,5,0.0166067544903074,0.1288671971073609,0.0166067544903074,0.1288671971073609
9,g0_jet_mach,6,0.01930808648467064,0.13895354074175525,0.01930808648467064,0.13895354074175525
9,g0_jet_mach,7,0.019670406755592142,0.14025122728729378,0.019670406755592142,0.14025122728729378
9,g0_jet_mach,8,0.02009363000148109,0.14175200175475863,0.02009363000148109,0.14175200175475863
9,g0_jet_mach,9,0.016472494562289546,0.12834521635919877,0.016472494562289546,0.12834521635919877
9,g0_jet_mach,10,0.007908538881955402,0.08892996616414178,0.007908538881955402,0.08892996616414178
9,g1_pr,1,0.3837674723139831,0.6194896870118042,0.3837674723139831,0.6194896870118042
9,g1_pr,2,0.10022382651056562,0.3165814689942632,0.10022382651056562,0.3165814689942632
9,g1_pr,3,0.07318953916962657,0.27053565230783644,0.07318953916962657,0.27053565230783644
9,g1_pr,4,0.05119358003139496,0.22625998327453964,0.05119358003139496,0.22625998327453964
9,g1_pr,5,0.045214725857866664,0.2126375457389091,0.045214725857866664,0.2126375457389091
9,g1_pr,6,0.02382593129628471,0.15435650713942936,0.02382593129628471,0.15435650713942936
9,g1_pr,7,0.02705426061792033,0.1644817941837951,0.02705426061792033,0.1644817941837951
9,g1_pr,8,0.024142137861677578,0.1553774046046515,0.024142137861677578,0.1553774046046515
9,g1_pr,9,0.026051204285717437,0.1614038546185234,0.026051204285717437,0.1614038546185234
9,g1_pr,10,0.01766646367364696,0.13291524996646156,0.01766646367364696,0.13291524996646156
9,g2_pr,1,0.13871598030839646,0.3724459428002894,0.13871598030839646,0.3724459428002894
9,g2_pr,2,0.09103097294324211,0.30171339536593683,0.09103097294324211,0.30171339536593683
9,g2_pr,3,0.0328371164921139,0.18121014456181503,0.0328371164921139,0.18121014456181503
9,g2_pr,4,0.06533149204083852,0.2556002582957195,0.06533149204083852,0.2556002582957195
9,g2_pr,5,0.02619621583393642,0.16185245081226424,0.02619621583393642,0.16185245081226424
9,g2_pr,6,0.019966770163072006,0.1413038221813975,0.019966770163072006,0.1413038221813975
9,g2_pr,7,0.016486666897045716,0.1284004162650796,0.016486666897045716,0.1284004162650796
9,g2_pr,8,0.019576690958014557,0.1399167286567784,0.019576690958014557,0.1399167286567784
9,g2_pr,9,0.019342791821275438,0.13907836575569701,0.019342791821275438,0.13907836575569701
9,g2_pr,10,0.022806372410351678,0.1510177883904796,0.022806372410351678,0.1510177883904796
9,g3_pr,1,0.4403952285647392,0.6636228059407989,0.4403952285647392,0.6636228059407989
9,g3_pr,2,0.08160822632323418,0.2856715357245698,0.08160822632323418,0.2856715357245698
9,g3_pr,3,0.054426552528249364,0.23329499036252227,0.054426552528249364,0.23329499036252227
9,g3_pr,4,0.04092687860663448,0.2023039263253051,0.04092687860663448,0.2023039263253051
9,g3_pr,5,0.01634768404931362,0.12785806212090664,0.01634768404931362,0.12785806212090664
9,g3_pr,6,0.009957247779571585,0.09978600993912716,0.009957247779571585,0.09978600993912716
9,g3_pr,7,0.008964059841153877,0.09467871905108284,0.008964059841153877,0.09467871905108284
9,g3_pr,8,0.010281443196747984,0.10139745162847034,0.010281443196747984,0.10139745162847034
9,g3_pr,9,0.005968067986291966,0.07725327168665393,0.005968067986291966,0.07725327168665393
9,g3_pr,10,0.005417002281839294,0.07360028724019556,0.005417002281839294,0.07360028724019556
9,g4_pr_perc_sum,1,0.4032904612166541,0.6350515421732744,0.4032904612166541,0.6350515421732744
9,g4_pr_perc_sum,2,0.06353437973718558,0.2520602700490214,0.06353437973718558,0.2520602700490214
9,g4_pr_perc_sum,3,0.06648923815893275,0.25785507200544405,0.06648923815893275,0.25785507200544405
9,g4_pr_perc_sum,4,0.05275971854903868,0.22969483788069484,0.05275971854903868,0.22969483788069484
9,g4_pr_perc_sum,5,0.03829509312553065,0.1956913210276088,0.03829509312553065,0.1956913210276088
9,g4_pr_perc_sum,6,0.04651429344500814,0.21567172611403687,0.04651429344500814,0.21567172611403687
9,g4_pr_perc_sum,7,0.028469293910477842,0.16872846206398565,0.028469293910477842,0.16872846206398565
9,g4_pr_perc_sum,8,0.02107719631333436,0.14517987571745045,0.02107719631333436,0.14517987571745045
9,g4_pr_perc_sum,9,0.027753534061568125,0.16659391964164877,0.027753534061568125,0.16659391964164877
9,g4_pr_perc_sum,10,0.023078231007925103,0.15191520992950344,0.023078231007925103,0.15191520992950344
10,f0_tsfc,1,0.24659218319824763,0.49658049015063777,0.24659218319824763,0.49658049015063777
10,f0_tsfc,2,0.08370839485100337,0.28932403089097763,0.08370839485100337,0.28932403089097763
10,f0_tsfc,3,0.0472617761365005,0.21739773719268676,0.0472617761365005,0.21739773719268676
10,f0_tsfc,4,0.03337778031293835,0.18269586835212873,0.03337778031293835,0.18269586835212873
10,f0_tsfc,5,0.022065707349351475,0.14854530402995403,0.022065707349351475,0.14854530402995403
10,f0_tsfc,6,0.016960890364966223,0.1302339831417523,0.016960890364966223,0.1302339831417523
10,f0_tsfc,7,0.014509625666375672,0.12045590756113073,0.014509625666375672,0.12045590756113073
10,f0_tsfc,8,0.014203366091740983,0.1191778758484182,0.014203366091740983,0.1191778758484182
10,f0_tsfc,9,0.01011713846985783,0.10058398714436523,0.01011713846985783,0.10058398714436523
10,f0_tsfc,10,0.009690769515665514,0.09844170618018318,0.009690769515665514,0.09844170618018318
10,g0_jet_mach,1,0.23806997814348765,0.4879241520395231,0.23806997814348765,0.4879241520395231
10,g0_jet_mach,2,0.06697869021445513,0.2588024153953265,0.06697869021445513,0.2588024153953265
10,g0_jet_mach,3,0.03185568410637123,0.17848160719348993,0.03185568410637123,0.17848160719348993
10,g0_jet_mach,4,0.024423231104654924,0.15627933678082628,0.024423231104654924,0.15627933678082628
10,g0_jet_mach,5,0.01654256447883589,0.12861790108237614,0.01654256447883589,0.12861790108237614
10,g0_jet_mach,6,0.012627225834876299,0.11237092966989416,0.012627225834876299,0.11237092966989416
10,g0_jet_mach,7,0.010054227896034718,0.10027077289038276,0.010054227896034718,0.10027077289038276
10,g0_jet_mach,8,0.01002888211847416,0.10014430647058355,0.01002888211847416,0.10014430647058355
10,g0_jet_mach,9,0.008504838017480714,0.09222167867416378,0.008504838017480714,0.09222167867416378
10,g0_jet_mach,10,0.008013591236834015,0.08951866418146562,0.008013591236834015,0.08951866418146562
10,g1_pr,1,0.3047921604343823,0.5520798496905881,0.3047921604343823,0.5520798496905881
10,g1_pr,2,0.1868272317307336,0.43223515790682,0.1868272317307336,0.43223515790682
10,g1_pr,3,0.07091856042721442,0.266305389407001,0.07091856042721442,0.266305389407001
10,g1_pr,4,0.046309926414064,0.215197412656528,0.046309926414064,0.215197412656528
10,g1_pr,5,0.0373883561364242,0.19336068922204483,0.0373883561364242,0.19336068922204483
10,g1_pr,6,0.02633720636367798,0.16228741899382707,0.02633720636367798,0.16228741899382707
10,g1_pr,7,0.01997495163232088,0.14133276913837386,0.01997495163232088,0.14133276913837386
10,g1_pr,8,0.02080684235053403,0.1442457706504216,0.02080684235053403,0.1442457706504216
10,g1_pr,9,0.014433820532368762,0.12014083623967649,0.014433820532368762,0.12014083623967649
10,g1_pr,10,0.01531419369192528,0.12375053006724973,0.01531419369192528,0.12375053006724973
10,g2_pr,1,0.2410053089261055,0.4909229154624028,0.2410053089261055,0.4909229154624028
10,g2_pr,2,0.07765002389039312,0.2786575387288008,0.07765002389039312,0.2786575387288008
10,g2_pr,3,0.03572023260806288,0.18899796985169678,0.03572023260806288,0.18899796985169678
10,g2_pr,4,0.03428525650607688,0.1851627838040811,0.03428525650607688,0.1851627838040811
10,g2_pr,5,0.0250803552834051,0.15836778486613085,0.0250803552834051,0.15836778486613085
10,g2_pr,6,0.021310788778854266,0.14598215226134414,0.021310788778854266,0.14598215226134414
10,g2_pr,7,0.03260907317910876,0.1805798249503769,0.03260907317910876,0.1805798249503769
10,g2_pr,8,0.030393125023692846,0.17433624128015623,0.030393125023692846,0.17433624128015623
10,g2_pr,9,0.029408244416117668,0.17148832151524973,0.029408244416117668,0.17148832151524973
10,g2_pr,10,0.02978673736963953,0.17258834656383823,0.02978673736963953,0.17258834656383823
10,g3_pr,1,0.6363972084862846,0.797745077381418,0.6363972084862846,0.797745077381418
10,g3_pr,2,0.18963387342435972,0.43546971585215855,0.18963387342435972,0.43546971585215855
10,g3_pr,3,0.09413779899477959,0.30681883741840166,0.09413779899477959,0.30681883741840166
10,g3_pr,4,0.09431677072175912,0.30711035593375735,0.09431677072175912,0.30711035593375735
10,g3_pr,5,0.07814427252326693,0.2795429707992439,0.07814427252326693,0.2795429707992439
10,g3_pr,6,0.0463696349678295,0.21533609768877465,0.0463696349678295,0.21533609768877465
10,g3_pr,7,0.027257406352353946,0.1650981718625435,0.027257406352353946,0.1650981718625435
10,g3_pr,8,0.016501913645437787,0.12845977442545112,0.016501913645437787,0.12845977442545112
10,g3_pr,9,0.010381216249827827,0.10188825373823926,0.010381216249827827,0.10188825373823926
10,g3_pr,10,0.006545043201185763,0.08090144128002766,0.006545043201185763,0.08090144128002766
10,g4_pr_perc_sum,1,0.3961643363748278,0.6294158691793748,0.3961643363748278,0.6294158691793748
10,g4_pr_perc_sum,2,0.10283966548740864,0.3206862415000192,0.10283966548740864,0.3206862415000192
10,g4_pr_perc_sum,3,0.056477604167801995,0.23765017182363238,0.056477604167801995,0.23765017182363238
10,g4_pr_perc_sum,4,0.06166167025055204,0.24831768010061636,0.06166167025055204,0.24831768010061636
10,g4_pr_perc_sum,5,0.0361286997795105,0.19007551073063172,0.0361286997795105,0.19007551073063172
10,g4_pr_perc_sum,6,0.027567389022026743,0.16603430073941572,0.027567389022026743,0.16603430073941572
10,g4_pr_perc_sum,7,0.02019683218428067,0.14211555926175243,0.02019683218428067,0.14211555926175243
10,g4_pr_perc_sum,8,0.02288462720545275,0.15127665783409133,0.02288462720545275,0.15127665783409133
10,g4_pr_perc_sum,9,0.024143129321081296,0.155380595059619,0.024143129321081296,0.155380595059619
10,g4_pr_perc_sum,10,0.022600882620151554,0.1503358993060259,0.022600882620151554,0.1503358993060259
11,f0_tsfc,1,0.26550597976893187,0.5152727236803165,0.26550597976893187,0.5152727236803165
11,f0_tsfc,2,0.05617459595669061,0.2370118055217727,0.05617459595669061,0.2370118055217727
11,f0_tsfc,3,0.03546150244073942,0.18831224718732295,0.03546150244073942,0.18831224718732295
11,f0_tsfc,4,0.01557717565447092,0.12480855601468563,0.01557717565447092,0.12480855601468563
11,f0_tsfc,5,0.013279118109494448,0.11523505590528625,0.013279118109494448,0.11523505590528625
11,f0_tsfc,6,0.011926654260605574,0.109209222415534,0.011926654260605574,0.109209222415534
11,f0_tsfc,7,0.00992385222343728,0.09961853353386246,0.00992385222343728,0.09961853353386246
11,f0_tsfc,8,0.009320848039351404,0.09654453914826774,0.009320848039351404,0.09654453914826774
11,f0_tsfc,9,0.01141512519097887,0.106841589238362,0.01141512519097887,0.106841589238362
11,f0_tsfc,10,0.008859871086315252,0.09412688822177886,0.008859871086315252,0.09412688822177886
11,g0_jet_mach,1,0.25716388039290905,0.5071132816175387,0.25716388039290905,0.5071132816175387
11,g0_jet_mach,2,0.04217938787769526,0.2053762105933773,0.04217938787769526,0.2053762105933773
11,g0_jet_mach,3,0.021382973238360137,0.14622918052960612,0.021382973238360137,0.14622918052960612
11,g0_jet_mach,4,0.01500470528844744,0.12249369489262474,0.01500470528844744,0.12249369489262474
11,g0_jet_mach,5,0.012027118355035782,0.10966821943952487,0.012027118355035782,0.10966821943952487
11,g0_jet_mach,6,0.009944353543687612,0.09972137957172279,0.009944353543687612,0.09972137957172279
11,g0_jet_mach,7,0.012420183280482888,0.11144587601379823,0.012420183280482888,0.11144587601379823
11,g0_jet_mach,8,0.010079307423438877,0.10039575401100824,0.010079307423438877,0.10039575401100824
11,g0_jet_mach,9,0.009991406928747892,0.09995702540966239,0.009991406928747892,0.09995702540966239
11,g0_jet_mach,10,0.008106776338536292,0.09003763845490557,0.008106776338536292,0.09003763845490557
11,g1_pr,1,0.14122737757861614,0.3758023118324529,0.14122737757861614,0.3758023118324529
11,g1_pr,2,0.0743990452028811,0.2727618837060653,0.0743990452028811,0.2727618837060653
11,g1_pr,3,0.025737270014360547,0.1604283952869957,0.025737270014360547,0.1604283952869957
11,g1_pr,4,0.02002154366346076,0.14149750408915615,0.02002154366346076,0.14149750408915615
11,g1_pr,5,0.016960297245532274,0.13023170599179093,0.016960297245532274,0.13023170599179093
11,g1_pr,6,0.020678740285802633,0.14380104410539804,0.020678740285802633,0.14380104410539804
11,g1_pr,7,0.027367080736439675,0.16542998741594486,0.027367080736439675,0.16542998741594486
11,g1_pr,8,0.02173688825860154,0.14743435236945812,0.02173688825860154,0.14743435236945812
11,g1_pr,9,0.019616103934822604,0.1400575022439805,0.019616103934822604,0.1400575022439805
11,g1_pr,10,0.020432664081454277,0.14294286999166583,0.020432664081454277,0.14294286999166583
11,g2_pr,1,0.2217842424288392,0.47093974394697163,0.2217842424288392,0.47093974394697163
11,g2_pr,2,0.08009723480790854,0.2830145487566117,0.08009723480790854,0.2830145487566117
11,g2_pr,3,0.05675203516148031,0.2382268565075741,0.05675203516148031,0.2382268565075741
11,g2_pr,4,0.0401855381205678,0.20046330866412387,0.0401855381205678,0.20046330866412387
11,g2_pr,5,0.031489605840761214,0.17745310885065163,0.031489605840761214,0.17745310885065163
11,g2_pr,6,0.02411852969089523,0.1553014156113692,0.02411852969089523,0.1553014156113692
11,g2_pr,7,0.02276248337875586,0.15087240761237908,0.02276248337875586,0.15087240761237908
11,g2_pr,8,0.018214746873127297,0.13496202011353897,0.018214746873127297,0.13496202011353897
11,g2_pr,9,0.014476414893579204,0.12031797410852296,0.014476414893579204,0.12031797410852296
11,g2_pr,10,0.01529474463313818,0.1236719233825454,0.01529474463313818,0.1236719233825454
11,g3_pr,1,0.3590728221461177,0.5992268536590443,0.3590728221461177,0.5992268536590443
11,g3_pr,2,0.11471779132261872,0.33870014957572536,0.11471779132261872,0.33870014957572536
11,g3_pr,3,0.05150348192546517,0.22694378582694255,0.05150348192546517,0.22694378582694255
11,g3_pr,4,0.03209986025467515,0.17916433868009324,0.03209986025467515,0.17916433868009324
11,g3_pr,5,0.020514670351985842,0.1432294325618371,0.020514670351985842,0.1432294325618371
11,g3_pr,6,0.022361462411936373,0.14953749500354876,0.022361462411936373,0.14953749500354876
11,g3_pr,7,0.010365411202656105,0.10181066350169861,0.010365411202656105,0.10181066350169861
11,g3_pr,8,0.005875467511941679,0.07665159823475097,0.005875467511941679,0.07665159823475097
11,g3_pr,9,0.00369108503946336,0.060754300584101535,0.00369108503946336,0.060754300584101535
11,g3_pr,10,0.002486640038114274,0.04986622141404213,0.002486640038114274,0.04986622141404213
11,g4_pr_perc_sum,1,0.37755564227700233,0.6144555657466229,0.37755564227700233,0.6144555657466229
11,g4_pr_perc_sum,2,0.1574331629090011,0.39677848090464923,0.1574331629090011,0.39677848090464923
11,g4_pr_perc_sum,3,0.07030679564923048,0.2651542864998235,0.07030679564923048,0.2651542864998235
11,g4_pr_perc_sum,4,0.04215945187024772,0.20532766951935075,0.04215945187024772,0.20532766951935075
11,g4_pr_perc_sum,5,0.039377563167363405,0.19843780679941866,0.039377563167363405,0.19843780679941866
11,g4_pr_perc_sum,6,0.0418367818929255,0.20454041628227293,0.0418367818929255,0.20454041628227293
11,g4_pr_perc_sum,7,0.03913322067819536,0.1978211835931515,0.03913322067819536,0.1978211835931515
11,g4_pr_perc_sum,8,0.02528746658936143,0.15902033388646067,0.02528746658936143,0.15902033388646067
11,g4_pr_perc_sum,9,0.0234998554806225,0.153296625796599,0.0234998554806225,0.153296625796599
11,g4_pr_perc_sum,10,0.02398570766672492,0.15487319867144514,0.02398570766672492,0.15487319867144514
12,f0_tsfc,1,0.20163657599025303,0.4490396151680306,0.20163657599025303,0.4490396151680306
12,f0_tsfc,2,0.14154032214234272,0.3762184500291589,0.14154032214234272,0.3762184500291589
12,f0_tsfc,3,0.05157618046117326,0.22710389794359157,0.05157618046117326,0.22710389794359157
12,f0_tsfc,4,0.043639706240759954,0.20890118774377506,0.043639706240759954,0.20890118774377506
12,f0_tsfc,5,0.03671578907718261,0.1916136453313871,0.03671578907718261,0.1916136453313871
12,f0_tsfc,6,0.01724614394414756,0.13132457479142112,0.01724614394414756,0.13132457479142112
12,f0_tsfc,7,0.012418899879169961,0.11144011790719696,0.012418899879169961,0.11144011790719696
12,f0_tsfc,8,0.019486644822690222,0.13959457304168463,0.019486644822690222,0.13959457304168463
12,f0_tsfc,9,0.013275966475096842,0.11522138028637238,0.013275966475096842,0.11522138028637238
12,f0_tsfc,10,0.00953526837434361,0.09764869878469251,0.00953526837434361,0.09764869878469251
12,g0_jet_mach,1,0.29658254318767124,0.5445939250374275,0.29658254318767124,0.5445939250374275
12,g0_jet_mach,2,0.11937859302593602,0.3455120736326533,0.11937859302593602,0.3455120736326533
12,g0_jet_mach,3,0.04862109902832243,0.22050192522588646,0.04862109902832243,0.22050192522588646
12,g0_jet_mach,4,0.017279376327577565,0.1314510415614025,0.017279376327577565,0.1314510415614025
12,g0_jet_mach,5,0.017179006422843993,0.13106870878605614,0.017179006422843993,0.13106870878605614
12,g0_jet_mach,6,0.011556849763211276,0.10750278956013781,0.011556849763211276,0.10750278956013781
12,g0_jet_mach,7,0.011047599086951878,0.1051075596089638,0.011047599086951878,0.1051075596089638
12,g0_jet_mach,8,0.014308014263709387,0.11961611205732021,0.014308014263709387,0.11961611205732021
12,g0_jet_mach,9,0.008687849027208157,0.09320863172050192,0.008687849027208157,0.09320863172050192
12,g0_jet_mach,10,0.00819885728156401,0.09054754155450058,0.00819885728156401,0.09054754155450058
12,g1_pr,1,0.2266335872312387,0.47606048694597486,0.2266335872312387,0.47606048694597486
12,g1_pr,2,0.1718638762831688,0.4145646828700785,0.1718638762831688,0.4145646828700785
12,g1_pr,3,0.05434459590631175,0.2331192739914736,0.05434459590631175,0.2331192739914736
12,g1_pr,4,0.043783727784304775,0.20924561592612825,0.043783727784304775,0.20924561592612825
12,g1_pr,5,0.04257509857416153,0.2063373416862821,0.04257509857416153,0.2063373416862821
12,g1_pr,6,0.011481271616907584,0.10715069583025387,0.011481271616907584,0.10715069583025387
12,g1_pr,7,0.01806028068272604,0.13438854371830228,0.01806028068272604,0.13438854371830228
12,g1_pr,8,0.025134948082268238,0.15854005198141016,0.025134948082268238,0.15854005198141016
12,g1_pr,9,0.017440419799337786,0.13206218156360203,0.017440419799337786,0.13206218156360203
12,g1_pr,10,0.012880248405660192,0.11349118206125175,0.012880248405660192,0.11349118206125175
12,g2_pr,1,0.30761460152765113,0.5546301484121208,0.30761460152765113,0.5546301484121208
12,g2_pr,2,0.2111674944559733,0.45952964480648395,0.2111674944559733,0.45952964480648395
12,g2_pr,3,0.06203947009311782,0.24907723720387984,0.06203947009311782,0.24907723720387984
12,g2_pr,4,0.04751850597353445,0.21798739865766198,0.04751850597353445,0.21798739865766198
12,g2_pr,5,0.026815099641680717,0.1637531668142046,0.026815099641680717,0.1637531668142046
12,g2_pr,6,0.014034320926940482,0.11846653927139293,0.014034320926940482,0.11846653927139293
12,g2_pr,7,0.01622630196571764,0.1273825025885331,0.01622630196571764,0.1273825025885331
12,g2_pr,8,0.014024307226969136,0.11842426789712122,0.014024307226969136,0.11842426789712122
12,g2_pr,9,0.011984041672096483,0.10947164780022489,0.011984041672096483,0.10947164780022489
12,g2_pr,10,0.011306324857287109,0.10633120359182957,0.011306324857287109,0.10633120359182957
12,g3_pr,1,0.40608644402689403,0.6372491224214389,0.40608644402689403,0.6372491224214389
12,g3_pr,2,0.09590143007032263,0.30967956030439375,0.09590143007032263,0.30967956030439375
12,g3_pr,3,0.05011153880817195,0.22385606716855352,0.05011153880817195,0.22385606716855352
12,g3_pr,4,0.06308825810750325,0.2511737607862399,0.06308825810750325,0.2511737607862399
12,g3_pr,5,0.05114222555938694,0.22614646926137702,0.05114222555938694,0.22614646926137702
12,g3_pr,6,0.022678117785188887,0.15059255554372164,0.022678117785188887,0.15059255554372164
12,g3_pr,7,0.010258330446150567,0.10128341644193568,0.010258330446150567,0.10128341644193568
12,g3_pr,8,0.005903519741776917,0.07683436563008064,0.005903519741776917,0.07683436563008064
12,g3_pr,9,0.0021773723484430877,0.04666232257874749,0.0021773723484430877,0.04666232257874749
12,g3_pr,10,0.0019630517991673616,0.04430634039465866,0.0019630517991673616,0.04430634039465866
12,g4_pr_perc_sum,1,0.2906448733475473,0.5391148980945966,0.2906448733475473,0.5391148980945966
12,g4_pr_perc_sum,2,0.14619308565225866,0.38235204413244434,0.14619308565225866,0.38235204413244434
12,g4_pr_perc_sum,3,0.06897599208686087,0.2626328084738479,0.06897599208686087,0.2626328084738479
12,g4_pr_perc_sum,4,0.044259767358501755,0.21038005456435682,0.044259767358501755,0.21038005456435682
12,g4_pr_perc_sum,5,0.03748521457115809,0.19361098773354288,0.03748521457115809,0.19361098773354288
12,g4_pr_perc_sum,6,0.04500143054044909,0.21213540614534174,0.04500143054044909,0.21213540614534174
12,g4_pr_perc_sum,7,0.03958794008940458,0.1989671834484385,0.03958794008940458,0.1989671834484385
12,g4_pr_perc_sum,8,0.026982492974234953,0.1642634864302927,0.026982492974234953,0.1642634864302927
12,g4_pr_perc_sum,9,0.017400288008502685,0.13191015127162384,0.017400288008502685,0.13191015127162384
12,g4_pr_perc_sum,10,0.0180042830292627,0.13418003960821706,0.0180042830292627,0.13418003960821706
13,f0_tsfc,1,0.41364518366754055,0.6431525353036716,0.41364518366754055,0.6431525353036716
13,f0_tsfc,2,0.09501553533805741,0.3082459007644018,0.09501553533805741,0.3082459007644018
13,f0_tsfc,3,0.035960942713750735,0.18963370669200857,0.035960942713750735,0.18963370669200857
13,f0_tsfc,4,0.019306033849716187,0.13894615449776287,0.019306033849716187,0.13894615449776287
13,f0_tsfc,5,0.013976089087211423,0.11822051043372898,0.013976089087211423,0.11822051043372898
13,f0_tsfc,6,0.013544095110976033,0.11637910083419631,0.013544095110976033,0.11637910083419631
13,f0_tsfc,7,0.008043826661176152,0.08968738295421576,0.008043826661176152,0.08968738295421576
13,f0_tsfc,8,0.009989771202930974,0.09994884292942552,0.009989771202930974,0.09994884292942552
13,f0_tsfc,9,0.00942273060273793,0.09707075050053919,0.00942273060273793,0.09707075050053919
13,f0_tsfc,10,0.012195153161883354,0.11043166738704688,0.012195153161883354,0.11043166738704688
13,g0_jet_mach,1,0.21087516927056843,0.4592114646549762,0.21087516927056843,0.4592114646549762
13,g0_jet_mach,2,0.061407309439447194,0.24780498267679607,0.061407309439447194,0.24780498267679607
13,g0_jet_mach,3,0.042333309849103294,0.205750601090503,0.042333309849103294,0.205750601090503
13,g0_jet_mach,4,0.017260894851966038,0.13138072481138943,0.017260894851966038,0.13138072481138943
13,g0_jet_mach,5,0.01290017982117004,0.11357895853180747,0.01290017982117004,0.11357895853180747
13,g0_jet_mach,6,0.010751871392130852,0.10369123102813879,0.010751871392130852,0.10369123102813879
13,g0_jet_mach,7,0.009606190698428286,0.0980111763954922,0.009606190698428286,0.0980111763954922
13,g0_jet_mach,8,0.009960706138776408,0.0998033373128194,0.009960706138776408,0.0998033373128194
13,g0_jet_mach,9,0.010070120139668385,0.10034998823950297,0.010070120139668385,0.10034998823950297
13,g0_jet_mach,10,0.00996040827077296,0.09980184502689797,0.00996040827077296,0.09980184502689797
13,g1_pr,1,0.45420529693365097,0.673947547613055,0.45420529693365097,0.673947547613055
13,g1_pr,2,0.12413671819700135,0.35233041054811226,0.12413671819700135,0.35233041054811226
13,g1_pr,3,0.05122703965753317,0.22633391185929952,0.05122703965753317,0.22633391185929952
13,g1_pr,4,0.022167545510455966,0.1488876942881982,0.022167545510455966,0.1488876942881982
13,g1_pr,5,0.01935387345858746,0.13911819959511934,0.01935387345858746,0.13911819959511934
13,g1_pr,6,0.014635177031676803,0.12097593575449955,0.014635177031676803,0.12097593575449955
13,g1_pr,7,0.015663263698418934,0.1251529612051546,0.015663263698418934,0.1251529612051546
13,g1_pr,8,0.014898151670220412,0.12205798486875168,0.014898151670220412,0.12205798486875168
13,g1_pr,9,0.01687342156138685,0.12989773501253535,0.01687342156138685,0.12989773501253535
13,g1_pr,10,0.012878030279858245,0.11348140940197317,0.012878030279858245,0.11348140940197317
13,g2_pr,1,0.43117696874671513,0.6566406694278958,0.43117696874671513,0.6566406694278958
13,g2_pr,2,0.11028196207351154,0.33208728080658484,0.11028196207351154,0.33208728080658484
13,g2_pr,3,0.03567742732250028,0.18888469319269965,0.03567742732250028,0.18888469319269965
13,g2_pr,4,0.022935026997907296,0.15144314774167664,0.022935026997907296,0.15144314774167664
13,g2_pr,5,0.019683289910770126,0.14029714861952872,0.019683289910770126,0.14029714861952872
13,g2_pr,6,0.021814030698604055,0.1476957369005756,0.021814030698604055,0.1476957369005756
13,g2_pr,7,0.01613469732304414,0.12702242842523576,0.01613469732304414,0.12702242842523576
13,g2_pr,8,0.01422001649108198,0.11924771063245608,0.01422001649108198,0.11924771063245608
13,g2_pr,9,0.021471358809827104,0.14653108479031712,0.021471358809827104,0.14653108479031712
13,g2_pr,10,0.015918060270552006,0.12616679543585152,0.015918060270552006,0.12616679543585152
13,g3_pr,1,0.47315413960152203,0.6878620062203771,0.47315413960152203,0.6878620062203771
13,g3_pr,2,0.11455250826353829,0.3384560654849286,0.11455250826353829,0.3384560654849286
13,g3_pr,3,0.07357840084781249,0.2712533886383956,0.07357840084781249,0.2712533886383956
13,g3_pr,4,0.025960900872531865,0.16112386810318285,0.025960900872531865,0.16112386810318285
13,g3_pr,5,0.022272820144684777,0.1492408125972409,0.022272820144684777,0.1492408125972409
13,g3_pr,6,0.00871717078714735,0.09336579024004109,0.00871717078714735,0.09336579024004109
13,g3_pr,7,0.00646817190055218,0.08042494576033098,0.00646817190055218,0.08042494576033098
13,g3_pr,8,0.00997029234551721,0.09985135124532472,0.00997029234551721,0.09985135124532472
13,g3_pr,9,0.004781533162006074,0.06914863094816899,0.004781533162006074,0.06914863094816899
13,g3_pr,10,0.0034244220005348325,0.058518561162547666,0.0034244220005348325,0.058518561162547666
13,g4_pr_perc_sum,1,0.2517161879998942,0.5017132527648579,0.2517161879998942,0.5017132527648579
13,g4_pr_perc_sum,2,0.07878175978031424,0.28068088602595337,0.07878175978031424,0.28068088602595337
13,g4_pr_perc_sum,3,0.03633884257740445,0.1906274969079866,0.03633884257740445,0.1906274969079866
13,g4_pr_perc_sum,4,0.01736149735127886,0.13176303484391538,0.01736149735127886,0.13176303484391538
13,g4_pr_perc_sum,5,0.027666954427129693,0.16633386434256162,0.027666954427129693,0.16633386434256162
13,g4_pr_perc_sum,6,0.028147299567030534,0.16777156960292924,0.028147299567030534,0.16777156960292924
13,g4_pr_perc_sum,7,0.02223103338231643,0.14910074910045365,0.02223103338231643,0.14910074910045365
13,g4_pr_perc_sum,8,0.01915305345836613,0.13839455718476118,0.01915305345836613,0.13839455718476118
13,g4_pr_perc_sum,9,0.01625288466715978,0.12748680193321887,0.01625288466715978,0.12748680193321887
13,g4_pr_perc_sum,10,0.0188918335415009,0.13744756651720283,0.0188918335415009,0.13744756651720283
14,f0_tsfc,1,0.41458700187504294,0.6438843078341349,0.41458700187504294,0.6438843078341349
14,f0_tsfc,2,0.22038103726226838,0.4694475873431116,0.22038103726226838,0.4694475873431116
14,f0_tsfc,3,0.05700301486067474,0.23875304157366192,0.05700301486067474,0.23875304157366192
14,f0_tsfc,4,0.03079148584511131,0.17547502912127216,0.03079148584511131,0.17547502912127216
14,f0_tsfc,5,0.02050793720409274,0.14320592586933245,0.02050793720409274,0.14320592586933245
14,f0_tsfc,6,0.010656405659392475,0.1032298680585831,0.010656405659392475,0.1032298680585831
14,f0_tsfc,7,0.009353944496251643,0.09671579238289703,0.009353944496251643,0.09671579238289703
14,f0_tsfc,8,0.009559204708784819,0.09777118547294401,0.009559204708784819,0.09777118547294401
14,f0_tsfc,9,0.00847854691091925,0.09207902535821744,0.00847854691091925,0.09207902535821744
14,f0_tsfc,10,0.007683694758452475,0.08765668690095739,0.007683694758452475,0.08765668690095739
14,g0_jet_mach,1,0.37769594248384236,0.614569721418036,0.37769594248384236,0.614569721418036
14,g0_jet_mach,2,0.16851536091417074,0.41050622518321295,0.16851536091417074,0.41050622518321295
14,g0_jet_mach,3,0.04253047839738429,0.20622918900433151,0.04253047839738429,0.20622918900433151
14,g0_jet_mach,4,0.024489827919751406,0.15649226153312312,0.024489827919751406,0.15649226153312312
14,g0_jet_mach,5,0.015191838331520557,0.12325517567842965,0.015191838331520557,0.12325517567842965
14,g0_jet_mach,6,0.011452805250883102,0.10701778006893575,0.011452805250883102,0.10701778006893575
14,g0_jet_mach,7,0.008465759153477848,0.09200956012001062,0.008465759153477848,0.09200956012001062
14,g0_jet_mach,8,0.009123190073296428,0.09551539181355237,0.009123190073296428,0.09551539181355237
14,g0_jet_mach,9,0.007584173930808902,0.08708716283591343,0.007584173930808902,0.08708716283591343
14,g0_jet_mach,10,0.007220286759547889,0.0849722705330856,0.007220286759547889,0.0849722705330856
14,g1_pr,1,0.16922379918396474,0.41136820390492596,0.16922379918396474,0.41136820390492596
14,g1_pr,2,0.0782399186398834,0.27971399435831484,0.0782399186398834,0.27971399435831484
14,g1_pr,3,0.03560357466340065,0.18868909524241365,0.03560357466340065,0.18868909524241365
14,g1_pr,4,0.03611453121993691,0.1900382362050777,0.03611453121993691,0.1900382362050777
14,g1_pr,5,0.019274262932594866,0.13883177926035115,0.019274262932594866,0.13883177926035115
14,g1_pr,6,0.017404696496669203,0.13192686040632212,0.017404696496669203,0.13192686040632212
14,g1_pr,7,0.01883385800756514,0.13723650391774464,0.01883385800756514,0.13723650391774464
14,g1_pr,8,0.013333105330821127,0.11546906655386596,0.013333105330821127,0.11546906655386596
14,g1_pr,9,0.015702499274630098,0.12530961365605633,0.015702499274630098,0.12530961365605633
14,g1_pr,10,0.012950063339667394,0.11379834506559133,0.012950063339667394,0.11379834506559133
14,g2_pr,1,0.4393942803144455,0.662868222435233,0.4393942803144455,0.662868222435233
14,g2_pr,2,0.09122945144772529,0.3020421352191202,0.09122945144772529,0.3020421352191202
14,g2_pr,3,0.030980411218479276,0.17601253142455306,0.030980411218479276,0.17601253142455306
14,g2_pr,4,0.025699556106701493,0.16031081094767594,0.025699556106701493,0.16031081094767594
14,g2_pr,5,0.02021871260367334,0.14219251950673545,0.02021871260367334,0.14219251950673545
14,g2_pr,6,0.015796114644035696,0.1256825948333169,0.015796114644035696,0.1256825948333169
14,g2_pr,7,0.01929506779415533,0.13890668736297518,0.01929506779415533,0.13890668736297518
14,g2_pr,8,0.03728082876186818,0.19308244032502847,0.03728082876186818,0.19308244032502847
14,g2_pr,9,0.011945385357830674,0.109294946625316,0.011945385357830674,0.109294946625316
14,g2_pr,10,0.013929413142614066,0.11802293481613677,0.013929413142614066,0.11802293481613677
14,g3_pr,1,0.39838657807558775,0.6311787211840936,0.39838657807558775,0.6311787211840936
14,g3_pr,2,0.08821649886667729,0.29701262408638,0.08821649886667729,0.29701262408638
14,g3_pr,3,0.024609599611721933,0.15687447087312179,0.024609599611721933,0.15687447087312179
14,g3_pr,4,0.012493333057500422,0.11177357942510574,0.012493333057500422,0.11177357942510574
14,g3_pr,5,0.004452452238183469,0.06672669809141966,0.004452452238183469,0.06672669809141966
14,g3_pr,6,0.0027945922513026742,0.05286390310318256,0.0027945922513026742,0.05286390310318256
14,g3_pr,7,0.0019744694902328773,0.04443500298450397,0.0019744694902328773,0.04443500298450397
14,g3_pr,8,0.001856780651723966,0.04309037771619049,0.001856780651723966,0.04309037771619049
14,g3_pr,9,0.0015930483961710707,0.03991301036217477,0.0015930483961710707,0.03991301036217477
14,g3_pr,10,0.001106857426930219,0.03326946688677501,0.001106857426930219,0.03326946688677501
14,g4_pr_perc_sum,1,0.25295484587550165,0.5029461659815111,0.25295484587550165,0.5029461659815111
14,g4_pr_perc_sum,2,0.06552242785692215,0.2559734905354891,0.06552242785692215,0.2559734905354891
14,g4_pr_perc_sum,3,0.037428945465944705,0.19346561830450573,0.037428945465944705,0.19346561830450573
14,g4_pr_perc_sum,4,0.02327117882668972,0.15254893912017126,0.02327117882668972,0.15254893912017126
14,g4_pr_perc_sum,5,0.018335108680184932,0.1354071958212891,0.018335108680184932,0.1354071958212891
14,g4_pr_perc_sum,6,0.016630710265599192,0.12896011114138817,0.016630710265599192,0.12896011114138817
14,g4_pr_perc_sum,7,0.026175411650910974,0.16178816906965407,0.026175411650910974,0.16178816906965407
14,g4_pr_perc_sum,8,0.034236288722604515,0.18503050754565992,0.034236288722604515,0.18503050754565992
14,g4_pr_perc_sum,9,0.020604201825335622,0.14354163794988414,0.020604201825335622,0.14354163794988414
14,g4_pr_perc_sum,10,0.021309987013228237,0.14597940612712548,0.021309987013228237,0.14597940612712548
15,f0_tsfc,1,0.1287674145265059,0.35884176809076435,0.1287674145265059,0.35884176809076435
15,f0_tsfc,2,0.026220868214626204,0.16192858986178507,0.026220868214626204,0.16192858986178507
15,f0_tsfc,3,0.02169709018992514,0.14729932175650076,0.02169709018992514,0.14729932175650076
15,f0_tsfc,4,0.013836379877333953,0.11762814236964704,0.013836379877333953,0.11762814236964704
15,f0_tsfc,5,0.01159424830058759,0.10767659123777827,0.01159424830058759,0.10767659123777827
15,f0_tsfc,6,0.011397987487725914,0.10676135765212952,0.011397987487725914,0.10676135765212952
15,f0_tsfc,7,0.011410598727789793,0.10682040407988444,0.011410598727789793,0.10682040407988444
15,f0_tsfc,8,0.01132044617340646,0.10639758537394757,0.01132044617340646,0.10639758537394757
15,f0_tsfc,9,0.011577999452129006,0.1076011126900136,0.011577999452129006,0.1076011126900136
15,f0_tsfc,10,0.008847251492129131,0.09405982932224112,0.008847251492129131,0.09405982932224112
15,g0_jet_mach,1,0.3332145183601163,0.5772473632335762,0.3332145183601163,0.5772473632335762
15,g0_jet_mach,2,0.05078779516572302,0.2253614766674265,0.05078779516572302,0.2253614766674265
15,g0_jet_mach,3,0.014970294242216782,0.12235315378941722,0.014970294242216782,0.12235315378941722
15,g0_jet_mach,4,0.013361617711118677,0.11559246390279375,0.013361617711118677,0.11559246390279375
15,g0_jet_mach,5,0.009711640590632504,0.09854765644414129,0.009711640590632504,0.09854765644414129
15,g0_jet_mach,6,0.007047912190583619,0.08395184447398174,0.007047912190583619,0.08395184447398174
15,g0_jet_mach,7,0.007835395581258292,0.08851776986152719,0.007835395581258292,0.08851776986152719
15,g0_jet_mach,8,0.007176174422387372,0.08471230384299185,0.007176174422387372,0.08471230384299185
15,g0_jet_mach,9,0.006409094012765722,0.08005681740342743,0.006409094012765722,0.08005681740342743
15,g0_jet_mach,10,0.007094748805023052,0.08423033185867816,0.007094748805023052,0.08423033185867816
15,g1_pr,1,0.1891898980194872,0.43495965102465217,0.1891898980194872,0.43495965102465217
15,g1_pr,2,0.05903095155107704,0.24296286043565804,0.05903095155107704,0.24296286043565804
15,g1_pr,3,0.03631943345747211,0.1905765816082136,0.03631943345747211,0.1905765816082136
15,g1_pr,4,0.026716498245315797,0.1634518223982706,0.026716498245315797,0.1634518223982706
15,g1_pr,5,0.04394394548779184,0.20962811235087683,0.04394394548779184,0.20962811235087683
15,g1_pr,6,0.02142655747857961,0.14637813183184026,0.02142655747857961,0.14637813183184026
15,g1_pr,7,0.019793053053118372,0.14068778572825139,0.019793053053118372,0.14068778572825139
15,g1_pr,8,0.02083933485714211,0.1443583556886892,0.02083933485714211,0.1443583556886892
15,g1_pr,9,0.014889280798590997,0.12202164069783276,0.014889280798590997,0.12202164069783276
15,g1_pr,10,0.016637571875683287,0.12898671201206457,0.016637571875683287,0.12898671201206457
15,g2_pr,1,0.29146387428045273,0.5398739429537721,0.29146387428045273,0.5398739429537721
15,g2_pr,2,0.07391550739041784,0.2718740653141043,0.07391550739041784,0.2718740653141043
15,g2_pr,3,0.031803052724254405,0.17833410420963905,0.031803052724254405,0.17833410420963905
15,g2_pr,4,0.032030638391998684,0.17897105462056898,0.032030638391998684,0.17897105462056898
15,g2_pr,5,0.014834062508519062,0.12179516619521097,0.014834062508519062,0.12179516619521097
15,g2_pr,6,0.012622927633029494,0.11235180298076883,0.012622927633029494,0.11235180298076883
15,g2_pr,7,0.010987747069024905,0.10482245498472598,0.010987747069024905,0.10482245498472598
15,g2_pr,8,0.00941310874953739,0.09702117680969134,0.00941310874953739,0.09702117680969134
15,g2_pr,9,0.012816705222410912,0.11321088826791756,0.012816705222410912,0.11321088826791756
15,g2_pr,10,0.013515585334971547,0.11625654964332782,0.013515585334971547,0.11625654964332782
15,g3_pr,1,0.3405905450609597,0.5836013580012984,0.3405905450609597,0.5836013580012984
15,g3_pr,2,0.05752595395527103,0.2398456877979486,0.05752595395527103,0.2398456877979486
15,g3_pr,3,0.01060725227844986,0.10299151556536033,0.01060725227844986,0.10299151556536033
15,g3_pr,4,0.005325615723532709,0.07297681634281335,0.005325615723532709,0.07297681634281335
15,g3_pr,5,0.002238519915077962,0.04731299943015621,0.002238519915077962,0.04731299943015621
15,g3_pr,6,0.001662485499929806,0.04077358826409329,0.001662485499929806,0.04077358826409329
15,g3_pr,7,0.0018155058099761266,0.042608752739033876,0.0018155058099761266,0.042608752739033876
15,g3_pr,8,0.0014646919655867598,0.03827129427634712,0.0014646919655867598,0.03827129427634712
15,g3_pr,9,0.0010093555637550626,0.031770356682842935,0.0010093555637550626,0.031770356682842935
15,g3_pr,10,0.0011128394319464198,0.03335924807225756,0.0011128394319464198,0.03335924807225756
15,g4_pr_perc_sum,1,0.31106678464195947,0.5577336144092083,0.31106678464195947,0.5577336144092083
15,g4_pr_perc_sum,2,0.09362491296434944,0.3059818833923823,0.09362491296434944,0.3059818833923823
15,g4_pr_perc_sum,3,0.03814731462096626,0.1953133754277117,0.03814731462096626,0.1953133754277117
15,g4_pr_perc_sum,4,0.030620485163209112,0.17498709999085393,0.030620485163209112,0.17498709999085393
15,g4_pr_perc_sum,5,0.017845388713546774,0.1335866337383601,0.017845388713546774,0.1335866337383601
15,g4_pr_perc_sum,6,0.01688113740899346,0.12992743131838427,0.01688113740899346,0.12992743131838427
15,g4_pr_perc_sum,7,0.020512821491469036,0.14322297822440727,0.020512821491469036,0.14322297822440727
15,g4_pr_perc_sum,8,0.01899833941239525,0.13783446380493977,0.01899833941239525,0.13783446380493977
15,g4_pr_perc_sum,9,0.022809371987188406,0.15102771926765102,0.022809371987188406,0.15102771926765102
15,g4_pr_perc_sum,10,0.017906590978699653,0.1338155109794812,0.017906590978699653,0.1338155109794812
16,f0_tsfc,1,0.4211185791275718,0.6489364985324618,0.4211185791275718,0.6489364985324618
16,f0_tsfc,2,0.15932167473841796,0.3991511928310098,0.15932167473841796,0.3991511928310098
16,f0_tsfc,3,0.10152888416566631,0.31863597437462443,0.10152888416566631,0.31863597437462443
16,f0_tsfc,4,0.036389410834420814,0.19076008711054002,0.036389410834420814,0.19076008711054002
16,f0_tsfc,5,0.025404244830662556,0.1593870911669529,0.025404244830662556,0.1593870911669529
16,f0_tsfc,6,0.01614943853664127,0.1270804412041494,0.01614943853664127,0.1270804412041494
16,f0_tsfc,7,0.012623154939236965,0.11235281455859024,0.012623154939236965,0.11235281455859024
16,f0_tsfc,8,0.006669942462890917,0.08166971570227802,0.006669942462890917,0.08166971570227802
16,f0_tsfc,9,0.008727114541794766,0.09341902665835673,0.008727114541794766,0.09341902665835673
16,f0_tsfc,10,0.006953383880582723,0.08338695269994414,0.006953383880582723,0.08338695269994414
16,g0_jet_mach,1,0.3948276528919285,0.6283531275420919,0.3948276528919285,0.6283531275420919
16,g0_jet_mach,2,0.09358071434226903,0.30590965061970343,0.09358071434226903,0.30590965061970343
16,g0_jet_mach,3,0.04476788631555709,0.21158422983662342,0.04476788631555709,0.21158422983662342
16,g0_jet_mach,4,0.01995887692001733,0.14127588937967203,0.01995887692001733,0.14127588937967203
16,g0_jet_mach,5,0.010502322449941526,0.10248083942836107,0.010502322449941526,0.10248083942836107
16,g0_jet_mach,6,0.00892339198088104,0.09446370721542237,0.00892339198088104,0.09446370721542237
16,g0_jet_mach,7,0.009708560283549807,0.09853202668954804,0.009708560283549807,0.09853202668954804
16,g0_jet_mach,8,0.00695048255676573,0.08336955413558195,0.00695048255676573,0.08336955413558195
16,g0_jet_mach,9,0.007341082144359296,0.08568011522144035,0.007341082144359296,0.08568011522144035
16,g0_jet_mach,10,0.007750815405002372,0.08803871537569351,0.007750815405002372,0.08803871537569351
16,g1_pr,1,0.4609483443200588,0.6789317670576763,0.4609483443200588,0.6789317670576763
16,g1_pr,2,0.14269242113964123,0.37774650380862723,0.14269242113964123,0.37774650380862723
16,g1_pr,3,0.09461097232997417,0.3075889665283431,0.09461097232997417,0.3075889665283431
16,g1_pr,4,0.04547154378484596,0.21324057724749754,0.04547154378484596,0.21324057724749754
16,g1_pr,5,0.05154625495726412,0.22703800333262297,0.05154625495726412,0.22703800333262297
16,g1_pr,6,0.024659979601644656,0.15703496299119077,0.024659979601644656,0.15703496299119077
16,g1_pr,7,0.02058698410506953,0.14348165076088834,0.02058698410506953,0.14348165076088834
16,g1_pr,8,0.010537991109727458,0.10265471791265834,0.010537991109727458,0.10265471791265834
16,g1_pr,9,0.013629407918250019,0.11674505521969665,0.013629407918250019,0.11674505521969665
16,g1_pr,10,0.015172324651344255,0.1231759905636819,0.015172324651344255,0.1231759905636819
16,g2_pr,1,0.4875557070428675,0.6982518936908567,0.4875557070428675,0.6982518936908567
16,g2_pr,2,0.1646647568453442,0.4057890546150108,0.1646647568453442,0.4057890546150108
16,g2_pr,3,0.08398354502225464,0.28979914599987117,0.08398354502225464,0.28979914599987117
16,g2_pr,4,0.0401611372997815,0.20040243835787402,0.0401611372997815,0.20040243835787402
16,g2_pr,5,0.018591286551037974,0.1363498681738929,0.018591286551037974,0.1363498681738929
16,g2_pr,6,0.013797267292499204,0.11746176949330878,0.013797267292499204,0.11746176949330878
16,g2_pr,7,0.011607034072354012,0.10773594605494496,0.011607034072354012,0.10773594605494496
16,g2_pr,8,0.009775779368779198,0.09887254102519667,0.009775779368779198,0.09887254102519667
16,g2_pr,9,0.013265027865682814,0.11517390271099966,0.013265027865682814,0.11517390271099966
16,g2_pr,10,0.014503330109371083,0.12042977252063164,0.014503330109371083,0.12042977252063164
16,g3_pr,1,0.5590591837059368,0.7477026037843768,0.5590591837059368,0.7477026037843768
16,g3_pr,2,0.11192699098451571,0.3345549147516977,0.11192699098451571,0.3345549147516977
16,g3_pr,3,0.03524019941687584,0.18772373162942355,0.03524019941687584,0.18772373162942355
16,g3_pr,4,0.016400024210187523,0.12806257927352363,0.016400024210187523,0.12806257927352363
16,g3_pr,5,0.007646361662244255,0.0874434769565132,0.007646361662244255,0.0874434769565132
16,g3_pr,6,0.004480115868235854,0.06693366767356958,0.004480115868235854,0.06693366767356958
16,g3_pr,7,0.001986322302731093,0.044568175896384774,0.001986322302731093,0.044568175896384774
16,g3_pr,8,0.0014334859919141638,0.03786140504411008,0.0014334859919141638,0.03786140504411008
16,g3_pr,9,0.0012370425075377252,0.035171615082872226,0.0012370425075377252,0.035171615082872226
16,g3_pr,10,0.0009157768548572097,0.03026180521477874,0.0009157768548572097,0.03026180521477874
16,g4_pr_perc_sum,1,0.6190468464470045,0.7867953014901681,0.6190468464470045,0.7867953014901681
16,g4_pr_perc_sum,2,0.20392403616146607,0.45157949041278,0.20392403616146607,0.45157949041278
16,g4_pr_perc_sum,3,0.08276321781291203,0.2876859708308906,0.08276321781291203,0.2876859708308906
16,g4_pr_perc_sum,4,0.041502117390998385,0.20372068474015687,0.041502117390998385,0.20372068474015687
16,g4_pr_perc_sum,5,0.02976659219712019,0.1725299747786459,0.02976659219712019,0.1725299747786459
16,g4_pr_perc_sum,6,0.019003376078961246,0.13785273330246756,0.019003376078961246,0.13785273330246756
16,g4_pr_perc_sum,7,0.015829085996797818,0.12581369558516997,0.015829085996797818,0.12581369558516997
16,g4_pr_perc_sum,8,0.013457735090262511,0.1160074785962634,0.013457735090262511,0.1160074785962634
16,g4_pr_perc_sum,9,0.014902515220455825,0.12207585846700332,0.014902515220455825,0.12207585846700332
16,g4_pr_perc_sum,10,0.01753312909171324,0.13241272254475112,0.01753312909171324,0.13241272254475112
17,f0_tsfc,1,0.14360486208037895,0.37895232164532117,0.14360486208037895,0.37895232164532117
17,f0_tsfc,2,0.03660444559698755,0.19132288309814785,0.03660444559698755,0.19132288309814785
17,f0_tsfc,3,0.020981628447771072,0.1448503657150063,0.020981628447771072,0.1448503657150063
17,f0_tsfc,4,0.01760580081661994,0.13268685246330902,0.01760580081661994,0.13268685246330902
17,f0_tsfc,5,0.011833878699690104,0.10878363249905798,0.011833878699690104,0.10878363249905798
17,f0_tsfc,6,0.01141506902323189,0.1068413263827808,0.01141506902323189,0.1068413263827808
17,f0_tsfc,7,0.010134869096377357,0.10067208697736109,0.010134869096377357,0.10067208697736109
17,f0_tsfc,8,0.019040102371945977,0.13798587743659124,0.019040102371945977,0.13798587743659124
17,f0_tsfc,9,0.01935701370662586,0.13912948539625186,0.01935701370662586,0.13912948539625186
17,f0_tsfc,10,0.01114821048792113,0.10558508648441374,0.01114821048792113,0.10558508648441374
17,g0_jet_mach,1,0.15054159729995512,0.3879969037247013,0.15054159729995512,0.3879969037247013
17,g0_jet_mach,2,0.04262791116806594,0.2064652783595003,0.04262791116806594,0.2064652783595003
17,g0_jet_mach,3,0.015363141682676294,0.12394814110214115,0.015363141682676294,0.12394814110214115
17,g0_jet_mach,4,0.01005433216183023,0.1002712928102068,0.01005433216183023,0.1002712928102068
17,g0_jet_mach,5,0.007625646254217083,0.08732494634534328,0.007625646254217083,0.08732494634534328
17,g0_jet_mach,6,0.00834791785614057,0.09136694071785795,0.00834791785614057,0.09136694071785795
17,g0_jet_mach,7,0.007519228786060756,0.08671348675990809,0.007519228786060756,0.08671348675990809
17,g0_jet_mach,8,0.006922342010181059,0.08320061303969496,0.006922342010181059,0.08320061303969496
17,g0_jet_mach,9,0.006569145586002956,0.08105026579847198,0.006569145586002956,0.08105026579847198
17,g0_jet_mach,10,0.009514674163338814,0.09754319127104061,0.009514674163338814,0.09754319127104061
17,g1_pr,1,0.2536682728677988,0.5036549144680302,0.2536682728677988,0.5036549144680302
17,g1_pr,2,0.04982570749284192,0.22321672762775177,0.04982570749284192,0.22321672762775177
17,g1_pr,3,0.021936833731491457,0.14811088323108285,0.021936833731491457,0.14811088323108285
17,g1_pr,4,0.01661820603873242,0.12891162103833936,0.01661820603873242,0.12891162103833936
17,g1_pr,5,0.02024023412642154,0.1422681767874374,0.02024023412642154,0.1422681767874374
17,g1_pr,6,0.012787414153783837,0.11308144920270449,0.012787414153783837,0.11308144920270449
17,g1_pr,7,0.013345091905317862,0.11552095872748747,0.013345091905317862,0.11552095872748747
17,g1_pr,8,0.011734915664419532,0.10832781574655483,0.011734915664419532,0.10832781574655483
17,g1_pr,9,0.012588705888695338,0.11219940235444811,0.012588705888695338,0.11219940235444811
17,g1_pr,10,0.013713545070707121,0.11710484648684324,0.013713545070707121,0.11710484648684324
17,g2_pr,1,0.1417500302195549,0.3764970520728614,0.1417500302195549,0.3764970520728614
17,g2_pr,2,0.05161876256831668,0.22719762887916914,0.05161876256831668,0.22719762887916914
17,g2_pr,3,0.026479247576472433,0.16272445291495816,0.026479247576472433,0.16272445291495816
17,g2_pr,4,0.01383391092531383,0.11761764716790517,0.01383391092531383,0.11761764716790517
17,g2_pr,5,0.011782521942884407,0.1085473258209727,0.011782521942884407,0.1085473258209727
17,g2_pr,6,0.012642571416852827,0.11243918986213315,0.012642571416852827,0.11243918986213315
17,g2_pr,7,0.01452902535145933,0.1205364067469216,0.01452902535145933,0.1205364067469216
17,g2_pr,8,0.015343278979840265,0.1238679901340143,0.015343278979840265,0.1238679901340143
17,g2_pr,9,0.010867033640600064,0.10424506530574991,0.010867033640600064,0.10424506530574991
17,g2_pr,10,0.012213219571011987,0.11051343615602578,0.012213219571011987,0.11051343615602578
17,g3_pr,1,0.24905781193890356,0.4990569225438152,0.24905781193890356,0.4990569225438152
17,g3_pr,2,0.07130874862725084,0.2670369798871513,0.07130874862725084,0.2670369798871513
17,g3_pr,3,0.033753896081841296,0.18372233419440678,0.033753896081841296,0.18372233419440678
17,g3_pr,4,0.013726084598932754,0.11715837400259853,0.013726084598932754,0.11715837400259853
17,g3_pr,5,0.004839470885186033,0.0695663056744142,0.004839470885186033,0.0695663056744142
17,g3_pr,6,0.003303260341371325,0.05747399708886902,0.003303260341371325,0.05747399708886902
17,g3_pr,7,0.0021447825532628817,0.046311797128408674,0.0021447825532628817,0.046311797128408674
17,g3_pr,8,0.002622141095343977,0.05120684617650239,0.002622141095343977,0.05120684617650239
17,g3_pr,9,0.0022127550963143058,0.04703993087063698,0.0022127550963143058,0.04703993087063698
17,g3_pr,10,0.0014805471238849516,0.038477878370369534,0.0014805471238849516,0.038477878370369534
17,g4_pr_perc_sum,1,0.33435726606033067,0.5782363410062797,0.33435726606033067,0.5782363410062797
17,g4_pr_perc_sum,2,0.09111145858398893,0.30184674685010093,0.09111145858398893,0.30184674685010093
17,g4_pr_perc_sum,3,0.04933226464146918,0.22210867754653166,0.04933226464146918,0.22210867754653166
17,g4_pr_perc_sum,4,0.03191677311604673,0.17865266053447604,0.03191677311604673,0.17865266053447604
17,g4_pr_perc_sum,5,0.022080210228027267,0.1485941123599023,0.022080210228027267,0.1485941123599023
17,g4_pr_perc_sum,6,0.015440286899154837,0.12425895098203121,0.015440286899154837,0.12425895098203121
17,g4_pr_perc_sum,7,0.01992492519043894,0.14115567714562152,0.01992492519043894,0.14115567714562152
17,g4_pr_perc_sum,8,0.01868688133651052,0.13669996831203188,0.01868688133651052,0.13669996831203188
17,g4_pr_perc_sum,9,0.015797150490636177,0.1256867156490143,0.015797150490636177,0.1256867156490143
17,g4_pr_perc_sum,10,0.013391465324358169,0.11572149897213642,0.013391465324358169,0.11572149897213642
18,f0_tsfc,1,0.4740217832537989,0.6884923988351642,0.4740217832537989,0.6884923988351642
18,f0_tsfc,2,0.13123787489409247,0.36226768403225323,0.13123787489409247,0.36226768403225323
18,f0_tsfc,3,0.043224454818603895,0.2079049177354973,0.043224454818603895,0.2079049177354973
18,f0_tsfc,4,0.017851714898521703,0.1336103098511552,0.017851714898521703,0.1336103098511552
18,f0_tsfc,5,0.009771840831187243,0.09885262177194515,0.009771840831187243,0.09885262177194515
18,f0_tsfc,6,0.009983799808348218,0.09991896620936497,0.009983799808348218,0.09991896620936497
18,f0_tsfc,7,0.009611189540009946,0.09803667446425315,0.009611189540009946,0.09803667446425315
18,f0_tsfc,8,0.0066596587566891685,0.0816067323000325,0.0066596587566891685,0.0816067323000325
18,f0_tsfc,9,0.0065759827169434475,0.08109243316699437,0.0065759827169434475,0.08109243316699437
18,f0_tsfc,10,0.007998500834219158,0.08943433811584428,0.007998500834219158,0.08943433811584428
18,g0_jet_mach,1,0.20738859381526709,0.45539937836504246,0.20738859381526709,0.45539937836504246
18,g0_jet_mach,2,0.04853210086002946,0.22030002464827247,0.04853210086002946,0.22030002464827247
18,g0_jet_mach,3,0.018687034549657255,0.13670052871023305,0.018687034549657255,0.13670052871023305
18,g0_jet_mach,4,0.012911876537449038,0.113630438428482,0.012911876537449038,0.113630438428482
18,g0_jet_mach,5,0.010600026308869323,0.10295642917695487,0.010600026308869323,0.10295642917695487
18,g0_jet_mach,6,0.011698411602992564,0.10815919564693778,0.011698411602992564,0.10815919564693778
18,g0_jet_mach,7,0.010194264585152268,0.10096665085637073,0.010194264585152268,0.10096665085637073
18,g0_jet_mach,8,0.010056954362274459,0.10028436748703388,0.010056954362274459,0.10028436748703388
18,g0_jet_mach,9,0.008378860036221644,0.09153611328990129,0.008378860036221644,0.09153611328990129
18,g0_jet_mach,10,0.008178786258213222,0.09043664223207992,0.008178786258213222,0.09043664223207992
18,g1_pr,1,0.21291688131168485,0.46142917258414085,0.21291688131168485,0.46142917258414085
18,g1_pr,2,0.060052206429342427,0.24505551703510456,0.060052206429342427,0.24505551703510456
18,g1_pr,3,0.02877931498611967,0.16964467273132885,0.02877931498611967,0.16964467273132885
18,g1_pr,4,0.04558570093164841,0.21350808165418098,0.04558570093164841,0.21350808165418098
18,g1_pr,5,0.02570455337020879,0.1603263963613253,0.02570455337020879,0.1603263963613253
18,g1_pr,6,0.012880703225770654,0.11349318581205946,0.012880703225770654,0.11349318581205946
18,g1_pr,7,0.012781701458152384,0.11305618717324754,0.012781701458152384,0.11305618717324754
18,g1_pr,8,0.014255497759828964,0.11939638922441903,0.014255497759828964,0.11939638922441903
18,g1_pr,9,0.01303690877587845,0.11417928347944056,0.01303690877587845,0.11417928347944056
18,g1_pr,10,0.02258687744809625,0.15028931248793526,0.02258687744809625,0.15028931248793526
18,g2_pr,1,0.35729091614484787,0.5977381668798203,0.35729091614484787,0.5977381668798203
18,g2_pr,2,0.06570900177272658,0.25633767138820346,0.06570900177272658,0.25633767138820346
18,g2_pr,3,0.01957322540692985,0.13990434377434408,0.01957322540692985,0.13990434377434408
18,g2_pr,4,0.013003290009995302,0.11403196924545021,0.013003290009995302,0.11403196924545021
18,g2_pr,5,0.013505133557676649,0.11621158960136742,0.013505133557676649,0.11621158960136742
18,g2_pr,6,0.011685059405863285,0.10809745328111706,0.011685059405863285,0.10809745328111706
18,g2_pr,7,0.019187582647039864,0.13851925009557287,0.019187582647039864,0.13851925009557287
18,g2_pr,8,0.022569517178150516,0.15023154521654403,0.022569517178150516,0.15023154521654403
18,g2_pr,9,0.0232971153066804,0.1526339258051119,0.0232971153066804,0.1526339258051119
18,g2_pr,10,0.021018499741330743,0.1449775835821895,0.021018499741330743,0.1449775835821895
18,g3_pr,1,0.4831773616994421,0.6951096040909247,0.4831773616994421,0.6951096040909247
18,g3_pr,2,0.11446986937274535,0.33833396130560905,0.11446986937274535,0.33833396130560905
18,g3_pr,3,0.029937620216514915,0.17302491212688106,0.029937620216514915,0.17302491212688106
18,g3_pr,4,0.009044444654136896,0.09510228522037152,0.009044444654136896,0.09510228522037152
18,g3_pr,5,0.003620120968359212,0.06016744109864747,0.003620120968359212,0.06016744109864747
18,g3_pr,6,0.002121127947854499,0.046055704835063584,0.002121127947854499,0.046055704835063584
18,g3_pr,7,0.0016812118119560182,0.041002582991270416,0.0016812118119560182,0.041002582991270416
18,g3_pr,8,0.0014642114159263049,0.038265015561558376,0.0014642114159263049,0.038265015561558376
18,g3_pr,9,0.0010270611334514494,0.03204779451774255,0.0010270611334514494,0.03204779451774255
18,g3_pr,10,0.001195713254370882,0.034579086951087676,0.001195713254370882,0.034579086951087676
18,g4_pr_perc_sum,1,0.2373825989974042,0.48721925146427064,0.2373825989974042,0.48721925146427064
18,g4_pr_perc_sum,2,0.10450322351728876,0.32326958334691613,0.10450322351728876,0.32326958334691613
18,g4_pr_perc_sum,3,0.039379205632333956,0.19844194524428033,0.039379205632333956,0.19844194524428033
18,g4_pr_perc_sum,4,0.028455471222211298,0.1686874957494221,0.028455471222211298,0.1686874957494221
18,g4_pr_perc_sum,5,0.02122381473115335,0.14568395495439213,0.02122381473115335,0.14568395495439213
18,g4_pr_perc_sum,6,0.016173117017994326,0.1271735704381784,0.016173117017994326,0.1271735704381784
18,g4_pr_perc_sum,7,0.016048464031579595,0.1266825324643441,0.016048464031579595,0.1266825324643441
18,g4_pr_perc_sum,8,0.017990011139772832,0.13412684719985343,0.017990011139772832,0.13412684719985343
18,g4_pr_perc_sum,9,0.01700867504890387,0.1304173111550145,0.01700867504890387,0.1304173111550145
18,g4_pr_perc_sum,10,0.022594292764551938,0.15031398060244408,0.022594292764551938,0.15031398060244408
19,f0_tsfc,1,0.3427446828961062,0.5854440049194339,0.3427446828961062,0.5854440049194339
19,f0_tsfc,2,0.08006339411561687,0.28295475630499106,0.08006339411561687,0.28295475630499106
19,f0_tsfc,3,0.034795409184880555,0.1865352759798547,0.034795409184880555,0.1865352759798547
19,f0_tsfc,4,0.0105019819845135,0.10247917829741562,0.0105019819845135,0.10247917829741562
19,f0_tsfc,5,0.009501964377705008,0.0974780199722225,0.009501964377705008,0.0974780199722225
19,f0_tsfc,6,0.008486478356644511,0.09212208397905744,0.008486478356644511,0.09212208397905744
19,f0_tsfc,7,0.014406655590088727,0.12002772842176397,0.014406655590088727,0.12002772842176397
19,f0_tsfc,8,0.009448473293256635,0.09720325762677214,0.009448473293256635,0.09720325762677214
19,f0_tsfc,9,0.01058963620259116,0.10290595805195712,0.01058963620259116,0.10290595805195712
19,f0_tsfc,10,0.012569210414464274,0.11211249000207013,0.012569210414464274,0.11211249000207013
19,g0_jet_mach,1,0.0895057354743282,0.29917509166761896,0.0895057354743282,0.29917509166761896
19,g0_jet_mach,2,0.05998596797386805,0.24492032985007195,0.05998596797386805,0.24492032985007195
19,g0_jet_mach,3,0.04197457587967316,0.20487697742712127,0.04197457587967316,0.20487697742712127
19,g0_jet_mach,4,0.020660740362169843,0.14373844427351315,0.020660740362169843,0.14373844427351315
19,g0_jet_mach,5,0.010084204763794938,0.10042014122572691,0.010084204763794938,0.10042014122572691
19,g0_jet_mach,6,0.008910473746558031,0.09439530574429023,0.008910473746558031,0.09439530574429023
19,g0_jet_mach,7,0.008694758813362569,0.0932456905886946,0.008694758813362569,0.0932456905886946
19,g0_jet_mach,8,0.00832705432549119,0.09125269489440402,0.00832705432549119,0.09125269489440402
19,g0_jet_mach,9,0.007409898506011814,0.08608076734097933,0.007409898506011814,0.08608076734097933
19,g0_jet_mach,10,0.008219612839942178,0.09066208049643565,0.008219612839942178,0.09066208049643565
19,g1_pr,1,0.2259323668355743,0.47532343392218135,0.2259323668355743,0.47532343392218135
19,g1_pr,2,0.0751365734419475,0.27411051319120816,0.0751365734419475,0.27411051319120816
19,g1_pr,3,0.03543450581491925,0.18824055305624038,0.03543450581491925,0.18824055305624038
19,g1_pr,4,0.0168511198911195,0.12981186344521636,0.0168511198911195,0.12981186344521636
19,g1_pr,5,0.010311693418771029,0.1015465086488503,0.010311693418771029,0.1015465086488503
19,g1_pr,6,0.010855373548110947,0.10418912394348533,0.010855373548110947,0.10418912394348533
19,g1_pr,7,0.019014787331495125,0.13789411637736806,0.019014787331495125,0.13789411637736806
19,g1_pr,8,0.01868752044780801,0.13670230593449406,0.01868752044780801,0.13670230593449406
19,g1_pr,9,0.015083745781642696,0.12281590199010345,0.015083745781642696,0.12281590199010345
19,g1_pr,10,0.0143842051475076,0.11993417005802642,0.0143842051475076,0.11993417005802642
19,g2_pr,1,0.23200411349534988,0.4816680532227043,0.23200411349534988,0.4816680532227043
19,g2_pr,2,0.08607308845967054,0.2933821542965259,0.08607308845967054,0.2933821542965259
19,g2_pr,3,0.023313528896930318,0.1526876841691245,0.023313528896930318,0.1526876841691245
19,g2_pr,4,0.015112320291033635,0.12293217760632745,0.015112320291033635,0.12293217760632745
19,g2_pr,5,0.017993087692351157,0.13413831552673963,0.017993087692351157,0.13413831552673963
19,g2_pr,6,0.011656871346834427,0.10796699193195311,0.011656871346834427,0.10796699193195311
19,g2_pr,7,0.009891771643500155,0.09945738606810535,0.009891771643500155,0.09945738606810535
19,g2_pr,8,0.011485906705881158,0.10717232248057872,0.011485906705881158,0.10717232248057872
19,g2_pr,9,0.012676349879863361,0.11258929735931103,0.012676349879863361,0.11258929735931103
19,g2_pr,10,0.013841217485605739,0.11764870371409002,0.013841217485605739,0.11764870371409002
19,g3_pr,1,0.30277435689155635,0.5502493588288462,0.30277435689155635,0.5502493588288462
19,g3_pr,2,0.05716305458918214,0.23908796412446642,0.05716305458918214,0.23908796412446642
19,g3_pr,3,0.015875742382680375,0.12599897770490193,0.015875742382680375,0.12599897770490193
19,g3_pr,4,0.003799610121253257,0.06164097761435373,0.003799610121253257,0.06164097761435373
19,g3_pr,5,0.002063355355251891,0.04542417148668637,0.002063355355251891,0.04542417148668637
19,g3_pr,6,0.0012319005036260933,0.035098440187935606,0.0012319005036260933,0.035098440187935606
19,g3_pr,7,0.0009661095852303939,0.03108230340934201,0.0009661095852303939,0.03108230340934201
19,g3_pr,8,0.0011305829733222101,0.03362414271505238,0.0011305829733222101,0.03362414271505238
19,g3_pr,9,0.0016031704581109807,0.040039611113383465,0.0016031704581109807,0.040039611113383465
19,g3_pr,10,0.0012905748929673184,0.035924572272572966,0.0012905748929673184,0.035924572272572966
19,g4_pr_perc_sum,1,0.29995739040896297,0.5476836590669498,0.29995739040896297,0.5476836590669498
19,g4_pr_perc_sum,2,0.09110751189291477,0.3018402092049944,0.09110751189291477,0.3018402092049944
19,g4_pr_perc_sum,3,0.030648066002565127,0.17506589046003543,0.030648066002565127,0.17506589046003543
19,g4_pr_perc_sum,4,0.02653155499137938,0.16288509751164892,0.02653155499137938,0.16288509751164892
19,g4_pr_perc_sum,5,0.034209276627128325,0.1849574995157761,0.034209276627128325,0.1849574995157761
19,g4_pr_perc_sum,6,0.01456389898279061,0.12068098020313976,0.01456389898279061,0.12068098020313976
19,g4_pr_perc_sum,7,0.01413558483181987,0.11889316562283919,0.01413558483181987,0.11889316562283919
19,g4_pr_perc_sum,8,0.01494065016352882,0.12223195230187898,0.01494065016352882,0.12223195230187898
19,g4_pr_perc_sum,9,0.014144313890331736,0.11892986963051685,0.014144313890331736,0.11892986963051685
19,g4_pr_perc_sum,10,0.012704773635050515,0.11271545428667053,0.012704773635050515,0.11271545428667053
20,f0_tsfc,1,0.14559561686697775,0.3815699370586967,0.14559561686697775,0.3815699370586967
20,f0_tsfc,2,0.028365280206064478,0.16841995192394657,0.028365280206064478,0.16841995192394657
20,f0_tsfc,3,0.013037127747128788,0.1141802423676215,0.013037127747128788,0.1141802423676215
20,f0_tsfc,4,0.012686149145548161,0.11263280670190262,0.012686149145548161,0.11263280670190262
20,f0_tsfc,5,0.011596960198053589,0.10768918329179393,0.011596960198053589,0.10768918329179393
20,f0_tsfc,6,0.013294872630817385,0.11530339383911206,0.013294872630817385,0.11530339383911206
20,f0_tsfc,7,0.020505364088771436,0.1431969416180787,0.020505364088771436,0.1431969416180787
20,f0_tsfc,8,0.011811228845125208,0.1086794775710907,0.011811228845125208,0.1086794775710907
20,f0_tsfc,9,0.009543634718284011,0.097691528385444,0.009543634718284011,0.097691528385444
20,f0_tsfc,10,0.009217390033882111,0.09600723948683303,0.009217390033882111,0.09600723948683303
20,g0_jet_mach,1,0.12426106373851116,0.3525068279317596,0.12426106373851116,0.3525068279317596
20,g0_jet_mach,2,0.02011186880274461,0.14181632065014452,0.02011186880274461,0.14181632065014452
20,g0_jet_mach,3,0.015211690897838427,0.12333568379766834,0.015211690897838427,0.12333568379766834
20,g0_jet_mach,4,0.011342150266640462,0.10649953176723577,0.011342150266640462,0.10649953176723577
20,g0_jet_mach,5,0.011330848846297998,0.10644645999890273,0.011330848846297998,0.10644645999890273
20,g0_jet_mach,6,0.026262154516119223,0.16205602277027295,0.026262154516119223,0.16205602277027295
20,g0_jet_mach,7,0.014021280687302351,0.11841148883154182,0.014021280687302351,0.11841148883154182
20,g0_jet_mach,8,0.014996180104879806,0.12245889148967422,0.014996180104879806,0.12245889148967422
20,g0_jet_mach,9,0.009230143247315517,0.09607363450664036,0.009230143247315517,0.09607363450664036
20,g0_jet_mach,10,0.013258160521777777,0.11514408591750501,0.013258160521777777,0.11514408591750501
20,g1_pr,1,0.1262341936190541,0.35529451673091456,0.1262341936190541,0.35529451673091456
20,g1_pr,2,0.046110929728736386,0.21473455643826028,0.046110929728736386,0.21473455643826028
20,g1_pr,3,0.022426767346377555,0.14975569220025514,0.022426767346377555,0.14975569220025514
20,g1_pr,4,0.018502872490968842,0.13602526416430458,0.018502872490968842,0.13602526416430458
20,g1_pr,5,0.016591491983630337,0.12880796552865176,0.016591491983630337,0.12880796552865176
20,g1_pr,6,0.03246750729158521,0.1801874226786798,0.03246750729158521,0.1801874226786798
20,g1_pr,7,0.03663724266852324,0.19140857522201882,0.03663724266852324,0.19140857522201882
20,g1_pr,8,0.023418071509625476,0.15302964258477988,0.023418071509625476,0.15302964258477988
20,g1_pr,9,0.0212844368428565,0.14589186695239903,0.0212844368428565,0.14589186695239903
20,g1_pr,10,0.022227729975174252,0.1490896709204707,0.022227729975174252,0.1490896709204707
20,g2_pr,1,0.19518846302078321,0.4418013841318101,0.19518846302078321,0.4418013841318101
20,g2_pr,2,0.053535453581179566,0.23137729703058502,0.053535453581179566,0.23137729703058502
20,g2_pr,3,0.02062987317689336,0.14363103138560748,0.02062987317689336,0.14363103138560748
20,g2_pr,4,0.016488996191093556,0.12840948637500874,0.016488996191093556,0.12840948637500874
20,g2_pr,5,0.010877025546506047,0.10429297937304335,0.010877025546506047,0.10429297937304335
20,g2_pr,6,0.01353832590393722,0.1163543119267061,0.01353832590393722,0.1163543119267061
20,g2_pr,7,0.01815095395207978,0.13472547625478926,0.01815095395207978,0.13472547625478926
20,g2_pr,8,0.014879356854810165,0.12198096923213131,0.014879356854810165,0.12198096923213131
20,g2_pr,9,0.01868555278857597,0.13669510886851793,0.01868555278857597,0.13669510886851793
20,g2_pr,10,0.01385668718900818,0.11771443067444272,0.01385668718900818,0.11771443067444272
20,g3_pr,1,0.1504364744401895,0.3878614113832278,0.1504364744401895,0.3878614113832278
20,g3_pr,2,0.029421672860805232,0.17152746969743718,0.029421672860805232,0.17152746969743718
20,g3_pr,3,0.012539736031053158,0.11198096280642152,0.012539736031053158,0.11198096280642152
20,g3_pr,4,0.00588349868149425,0.07670396783409741,0.00588349868149425,0.07670396783409741
20,g3_pr,5,0.0021087283407373782,0.04592089220319416,0.0021087283407373782,0.04592089220319416
20,g3_pr,6,0.002230538234401208,0.047228574342247594,0.002230538234401208,0.047228574342247594
20,g3_pr,7,0.003141256416431413,0.056046912639604096,0.003141256416431413,0.056046912639604096
20,g3_pr,8,0.002502433304191352,0.050024327123823986,0.002502433304191352,0.050024327123823986
20,g3_pr,9,0.0014095051670805193,0.03754337714005653,0.0014095051670805193,0.03754337714005653
20,g3_pr,10,0.0013301145462229704,0.0364707354768583,0.0013301145462229704,0.0364707354768583
20,g4_pr_perc_sum,1,0.24762747494074014,0.4976218191968075,0.24762747494074014,0.4976218191968075
20,g4_pr_perc_sum,2,0.056152631098834366,0.23696546393690868,0.056152631098834366,0.23696546393690868
20,g4_pr_perc_sum,3,0.031512304997214906,0.17751705551077313,0.031512304997214906,0.17751705551077313
20,g4_pr_perc_sum,4,0.024361642471586283,0.15608216577042452,0.024361642471586283,0.15608216577042452
20,g4_pr_perc_sum,5,0.020531694118220072,0.14328884854802929,0.020531694118220072,0.14328884854802929
20,g4_pr_perc_sum,6,0.024162782929264583,0.1554438256389252,0.024162782929264583,0.1554438256389252
20,g4_pr_perc_sum,7,0.016193855088204145,0.12725507883068615,0.016193855088204145,0.12725507883068615
20,g4_pr_perc_sum,8,0.01805659390699405,0.1343748261654468,0.01805659390699405,0.1343748261654468
20,g4_pr_perc_sum,9,0.029987362034332294,0.17316859424945474,0.029987362034332294,0.17316859424945474
20,g4_pr_perc_sum,10,0.019649635122802395,0.14017715620885735,0.019649635122802395,0.14017715620885735
21,f0_tsfc,1,0.17520623553830844,0.4185764393014834,0.17520623553830844,0.4185764393014834
21,f0_tsfc,2,0.038890776940836355,0.1972074464639618,0.038890776940836355,0.1972074464639618
21,f0_tsfc,3,0.01866921431456621,0.13663533333133934,0.01866921431456621,0.13663533333133934
21,f0_tsfc,4,0.011885975250222076,0.10902281985998195,0.011885975250222076,0.10902281985998195
21,f0_tsfc,5,0.014456258406146215,0.120234181521505,0.014456258406146215,0.120234181521505
21,f0_tsfc,6,0.016646360566553015,0.1290207757167543,0.016646360566553015,0.1290207757167543
21,f0_tsfc,7,0.010853938794193359,0.1041822383815656,0.010853938794193359,0.1041822383815656
21,f0_tsfc,8,0.01197377685457468,0.10942475430438343,0.01197377685457468,0.10942475430438343
21,f0_tsfc,9,0.01165008874466786,0.10793557682556693,0.01165008874466786,0.10793557682556693
21,f0_tsfc,10,0.011593477370647283,0.10767301133825172,0.011593477370647283,0.10767301133825172
21,g0_jet_mach,1,0.18943831324577332,0.4352451185777657,0.18943831324577332,0.4352451185777657
21,g0_jet_mach,2,0.03511522717487354,0.1873905738687876,0.03511522717487354,0.1873905738687876
21,g0_jet_mach,3,0.01657793212395448,0.12875531881811517,0.01657793212395448,0.12875531881811517
21,g0_jet_mach,4,0.015835188812791154,0.12583794663292608,0.015835188812791154,0.12583794663292608
21,g0_jet_mach,5,0.011841402030908145,0.10881820633932607,0.011841402030908145,0.10881820633932607
21,g0_jet_mach,6,0.01111073774070694,0.1054074842727353,0.01111073774070694,0.1054074842727353
21,g0_jet_mach,7,0.009470917284488678,0.09731863790913166,0.009470917284488678,0.09731863790913166
21,g0_jet_mach,8,0.015774774365127087,0.12559766862934632,0.015774774365127087,0.12559766862934632
21,g0_jet_mach,9,0.01077682926104619,0.10381150832661179,0.01077682926104619,0.10381150832661179
21,g0_jet_mach,10,0.008729653092674337,0.09343261257545107,0.008729653092674337,0.09343261257545107
21,g1_pr,1,0.22713971739778152,0.47659177227243604,0.22713971739778152,0.47659177227243604
21,g1_pr,2,0.047394965596210495,0.2177038483725322,0.047394965596210495,0.2177038483725322
21,g1_pr,3,0.0176574411139322,0.13288130460652545,0.0176574411139322,0.13288130460652545
21,g1_pr,4,0.01440929767424957,0.12003873405800967,0.01440929767424957,0.12003873405800967
21,g1_pr,5,0.016608681207379468,0.12887467248214238,0.016608681207379468,0.12887467248214238
21,g1_pr,6,0.010331077590728035,0.10164190863383094,0.010331077590728035,0.10164190863383094
21,g1_pr,7,0.013476998437769137,0.11609047522415065,0.013476998437769137,0.11609047522415065
21,g1_pr,8,0.015501985612970132,0.12450697013810164,0.015501985612970132,0.12450697013810164
21,g1_pr,9,0.014063557645735832,0.11858987159844567,0.014063557645735832,0.11858987159844567
21,g1_pr,10,0.017706132162577257,0.13306439103899007,0.017706132162577257,0.13306439103899007
21,g2_pr,1,0.20309761868646511,0.4506635315692464,0.20309761868646511,0.4506635315692464
21,g2_pr,2,0.04361442236516338,0.20884066262383716,0.04361442236516338,0.20884066262383716
21,g2_pr,3,0.015453667111264972,0.12431277935620687,0.015453667111264972,0.12431277935620687
21,g2_pr,4,0.015403185469599871,0.12410957041904493,0.015403185469599871,0.12410957041904493
21,g2_pr,5,0.015401836001099302,0.12410413369867783,0.015401836001099302,0.12410413369867783
21,g2_pr,6,0.015936787258117244,0.1262409888194688,0.015936787258117244,0.1262409888194688
21,g2_pr,7,0.013117326450390885,0.11453089736132728,0.013117326450390885,0.11453089736132728
21,g2_pr,8,0.015888733896785058,0.1260505212079072,0.015888733896785058,0.1260505212079072
21,g2_pr,9,0.011008370282629935,0.10492078098560807,0.011008370282629935,0.10492078098560807
21,g2_pr,10,0.014879173885744352,0.12198021923961422,0.014879173885744352,0.12198021923961422
21,g3_pr,1,0.19395237387372896,0.44040024281751816,0.19395237387372896,0.44040024281751816
21,g3_pr,2,0.026603518806111354,0.16310585153853724,0.026603518806111354,0.16310585153853724
21,g3_pr,3,0.004813788984812653,0.06938147436320918,0.004813788984812653,0.06938147436320918
21,g3_pr,4,0.004799614508206455,0.06927925019951107,0.004799614508206455,0.06927925019951107
21,g3_pr,5,0.0027862887386268433,0.05278530798078991,0.0027862887386268433,0.05278530798078991
21,g3_pr,6,0.003691394511126698,0.06075684744229821,0.003691394511126698,0.06075684744229821
21,g3_pr,7,0.00226405629207595,0.04758210054291372,0.00226405629207595,0.04758210054291372
21,g3_pr,8,0.0011041601515339257,0.03322890536165653,0.0011041601515339257,0.03322890536165653
21,g3_pr,9,0.0014460789355395648,0.038027344576496064,0.0014460789355395648,0.038027344576496064
21,g3_pr,10,0.0019234070966306787,0.043856665361500964,0.0019234070966306787,0.043856665361500964
21,g4_pr_perc_sum,1,0.2526035919212378,0.5025968483001438,0.2526035919212378,0.5025968483001438
21,g4_pr_perc_sum,2,0.06453935150057077,0.25404596336208685,0.06453935150057077,0.25404596336208685
21,g4_pr_perc_sum,3,0.0501706672545809,0.22398809623410995,0.0501706672545809,0.22398809623410995
21,g4_pr_perc_sum,4,0.03508862735739408,0.18731958615530325,0.03508862735739408,0.18731958615530325
21,g4_pr_perc_sum,5,0.019398105348675296,0.13927708120389118,0.019398105348675296,0.13927708120389118
21,g4_pr_perc_sum,6,0.016602027516525526,0.1288488553170944,0.016602027516525526,0.1288488553170944
21,g4_pr_perc_sum,7,0.01327423699415074,0.115213875007096,0.01327423699415074,0.115213875007096
21,g4_pr_perc_sum,8,0.013274177747706953,0.11521361789175337,0.013274177747706953,0.11521361789175337
21,g4_pr_perc_sum,9,0.017004855156231385,0.1304026654491057,0.017004855156231385,0.1304026654491057
21,g4_pr_perc_sum,10,0.020057456952949557,0.1416243515535007,0.020057456952949557,0.1416243515535007
22,f0_tsfc,1,0.32184797232704504,0.5673164657640787,0.32184797232704504,0.5673164657640787
22,f0_tsfc,2,0.05829417984932661,0.24144187675158302,0.05829417984932661,0.24144187675158302
22,f0_tsfc,3,0.016471969362880503,0.1283431703008793,0.016471969362880503,0.1283431703008793
22,f0_tsfc,4,0.010543587617576122,0.10268197318700163,0.010543587617576122,0.10268197318700163
22,f0_tsfc,5,0.00962937280668744,0.09812936770756979,0.00962937280668744,0.09812936770756979
22,f0_tsfc,6,0.009058219563615109,0.0951746792146688,0.009058219563615109,0.0951746792146688
22,f0_tsfc,7,0.009839116712100804,0.09919232184045701,0.009839116712100804,0.09919232184045701
22,f0_tsfc,8,0.008380041915058558,0.09154256886857916,0.008380041915058558,0.09154256886857916
22,f0_tsfc,9,0.010130924247537873,0.10065249250534174,0.010130924247537873,0.10065249250534174
22,f0_tsfc,10,0.008980326021888427,0.09476458210686325,0.008980326021888427,0.09476458210686325
22,g0_jet_mach,1,0.28406084249062197,0.5329735851715561,0.28406084249062197,0.5329735851715561
22,g0_jet_mach,2,0.044424794880407195,0.21077190249273547,0.044424794880407195,0.21077190249273547
22,g0_jet_mach,3,0.03501070463763816,0.18711147649900622,0.03501070463763816,0.18711147649900622
22,g0_jet_mach,4,0.023066115099936724,0.15187532748915053,0.023066115099936724,0.15187532748915053
22,g0_jet_mach,5,0.01620621999193515,0.12730365270460683,0.01620621999193515,0.12730365270460683
22,g0_jet_mach,6,0.011999704941575016,0.1095431647414617,0.011999704941575016,0.1095431647414617
22,g0_jet_mach,7,0.012551217506240522,0.11203221637654287,0.012551217506240522,0.11203221637654287
22,g0_jet_mach,8,0.01340368898984577,0.11577430194065422,0.01340368898984577,0.11577430194065422
22,g0_jet_mach,9,0.011799708940088749,0.10862646519190776,0.011799708940088749,0.10862646519190776
22,g0_jet_mach,10,0.01317423997846033,0.11477909207891622,0.01317423997846033,0.11477909207891622
22,g1_pr,1,0.4129547545952456,0.642615557386565,0.4129547545952456,0.642615557386565
22,g1_pr,2,0.08878784786377635,0.29797289786787046,0.08878784786377635,0.29797289786787046
22,g1_pr,3,0.02351530491640525,0.15334700817559255,0.02351530491640525,0.15334700817559255
22,g1_pr,4,0.014866180468483694,0.12192694726139786,0.014866180468483694,0.12192694726139786
22,g1_pr,5,0.012042042599724872,0.10973624104973193,0.012042042599724872,0.10973624104973193
22,g1_pr,6,0.011839674802363984,0.10881026974676601,0.011839674802363984,0.10881026974676601
22,g1_pr,7,0.011399327931160639,0.1067676352232297,0.011399327931160639,0.1067676352232297
22,g1_pr,8,0.02107595349662006,0.1451755953892391,0.02107595349662006,0.1451755953892391
22,g1_pr,9,0.013388686794704492,0.1157094931053822,0.013388686794704492,0.1157094931053822
22,g1_pr,10,0.013050914272233578,0.11424059817872795,0.013050914272233578,0.11424059817872795
22,g2_pr,1,0.39039759231465204,0.6248180473663129,0.39039759231465204,0.6248180473663129
22,g2_pr,2,0.07968126636530672,0.28227870335061894,0.07968126636530672,0.28227870335061894
22,g2_pr,3,0.016774022219968692,0.12951456373693537,0.016774022219968692,0.12951456373693537
22,g2_pr,4,0.014579399655173932,0.12074518481154407,0.014579399655173932,0.12074518481154407
22,g2_pr,5,0.020259295789791004,0.14233515303603325,0.020259295789791004,0.14233515303603325
22,g2_pr,6,0.02291903498449496,0.15139033979912642,0.02291903498449496,0.15139033979912642
22,g2_pr,7,0.015795488841831684,0.12568010519502157,0.015795488841831684,0.12568010519502157
22,g2_pr,8,0.012059106869855896,0.10981396482167419,0.012059106869855896,0.10981396482167419
22,g2_pr,9,0.018600940621191903,0.13638526541086432,0.018600940621191903,0.13638526541086432
22,g2_pr,10,0.012526189268101007,0.11192045955990802,0.012526189268101007,0.11192045955990802
22,g3_pr,1,0.456785522667425,0.6758590997148926,0.456785522667425,0.6758590997148926
22,g3_pr,2,0.08093356660434178,0.28448825389520355,0.08093356660434178,0.28448825389520355
22,g3_pr,3,0.026236412813887,0.1619765810661745,0.026236412813887,0.1619765810661745
22,g3_pr,4,0.00840936357521319,0.0917025821621899,0.00840936357521319,0.0917025821621899
22,g3_pr,5,0.0015549809987922864,0.03943324737822497,0.0015549809987922864,0.03943324737822497
22,g3_pr,6,0.0012356370945261525,0.03515163004081251,0.0012356370945261525,0.03515163004081251
22,g3_pr,7,0.0009874354977260477,0.03142348640310377,0.0009874354977260477,0.03142348640310377
22,g3_pr,8,0.0008794910141399928,0.02965621375260154,0.0008794910141399928,0.02965621375260154
22,g3_pr,9,0.0009320889335607976,0.03053013156802305,0.0009320889335607976,0.03053013156802305
22,g3_pr,10,0.0009715699187446651,0.031170016341745238,0.0009715699187446651,0.031170016341745238
22,g4_pr_perc_sum,1,0.27982946511890205,0.5289890973535296,0.27982946511890205,0.5289890973535296
22,g4_pr_perc_sum,2,0.07858315203338861,0.28032686641381455,0.07858315203338861,0.28032686641381455
22,g4_pr_perc_sum,3,0.041612359562090466,0.2039910771629251,0.041612359562090466,0.2039910771629251
22,g4_pr_perc_sum,4,0.019780441087537577,0.14064295605375185,0.019780441087537577,0.14064295605375185
22,g4_pr_perc_sum,5,0.014334938754992825,0.11972860458133146,0.014334938754992825,0.11972860458133146
22,g4_pr_perc_sum,6,0.019461806963330934,0.13950558040211486,0.019461806963330934,0.13950558040211486
22,g4_pr_perc_sum,7,0.023023604049480388,0.15173530917186148,0.023023604049480388,0.15173530917186148
22,g4_pr_perc_sum,8,0.01838675621131967,0.13559777362228212,0.01838675621131967,0.13559777362228212
22,g4_pr_perc_sum,9,0.03770229859011514,0.1941707974699469,0.03770229859011514,0.1941707974699469
22,g4_pr_perc_sum,10,0.020632274648440734,0.1436393910055342,0.020632274648440734,0.1436393910055342
23,f0_tsfc,1,0.3991550784558058,0.6317872097912444,0.3991550784558058,0.6317872097912444
23,f0_tsfc,2,0.058524585728134425,0.24191855184779532,0.058524585728134425,0.24191855184779532
23,f0_tsfc,3,0.022938886657357216,0.15145589013754868,0.022938886657357216,0.15145589013754868
23,f0_tsfc,4,0.013711252682177084,0.11709505831663898,0.013711252682177084,0.11709505831663898
23,f0_tsfc,5,0.01034005721365767,0.10168607187642598,0.01034005721365767,0.10168607187642598
23,f0_tsfc,6,0.010929019057324954,0.1045419487924582,0.010929019057324954,0.1045419487924582
23,f0_tsfc,7,0.00999921902881137,0.09999609506781437,0.00999921902881137,0.09999609506781437
23,f0_tsfc,8,0.009070532138658953,0.0952393413388551,0.009070532138658953,0.0952393413388551
23,f0_tsfc,9,0.008783968007524632,0.09372282543502747,0.008783968007524632,0.09372282543502747
23,f0_tsfc,10,0.010727723220562828,0.10357472288431588,0.010727723220562828,0.10357472288431588
23,g0_jet_mach,1,0.3702616470732859,0.6084912875902875,0.3702616470732859,0.6084912875902875
23,g0_jet_mach,2,0.04939273511990905,0.2222447639876113,0.04939273511990905,0.2222447639876113
23,g0_jet_mach,3,0.02388090394171221,0.15453447492942218,0.02388090394171221,0.15453447492942218
23,g0_jet_mach,4,0.018371051576520716,0.13553985235538923,0.018371051576520716,0.13553985235538923
23,g0_jet_mach,5,0.01357549212739936,0.11651391387898426,0.01357549212739936,0.11651391387898426
23,g0_jet_mach,6,0.011897528277976173,0.10907579143868805,0.011897528277976173,0.10907579143868805
23,g0_jet_mach,7,0.013737378508916922,0.11720656342081241,0.013737378508916922,0.11720656342081241
23,g0_jet_mach,8,0.01164803294731038,0.10792605314431905,0.01164803294731038,0.10792605314431905
23,g0_jet_mach,9,0.010140338713037116,0.10069924882061988,0.010140338713037116,0.10069924882061988
23,g0_jet_mach,10,0.014951073664373584,0.1222745830676743,0.014951073664373584,0.1222745830676743
23,g1_pr,1,0.40542422474495005,0.6367293182702914,0.40542422474495005,0.6367293182702914
23,g1_pr,2,0.047308367277894704,0.21750486725104498,0.047308367277894704,0.21750486725104498
23,g1_pr,3,0.02521170911911343,0.15878195463941558,0.02521170911911343,0.15878195463941558
23,g1_pr,4,0.01494592142158321,0.12225351292123761,0.01494592142158321,0.12225351292123761
23,g1_pr,5,0.01609606358189402,0.12687026279587357,0.01609606358189402,0.12687026279587357
23,g1_pr,6,0.015067243782271231,0.1227487017539136,0.015067243782271231,0.1227487017539136
23,g1_pr,7,0.015311043950662549,0.12373780324000644,0.015311043950662549,0.12373780324000644
23,g1_pr,8,0.01044922774807284,0.10222146422387443,0.01044922774807284,0.10222146422387443
23,g1_pr,9,0.010062052718629795,0.10030978376324912,0.010062052718629795,0.10030978376324912
23,g1_pr,10,0.02055469770961541,0.14336909607588175,0.02055469770961541,0.14336909607588175
23,g2_pr,1,0.4582657888531685,0.6769533136436873,0.4582657888531685,0.6769533136436873
23,g2_pr,2,0.06180914830682533,0.2486144571557039,0.06180914830682533,0.2486144571557039
23,g2_pr,3,0.036152479072500555,0.1901380526683193,0.036152479072500555,0.1901380526683193
23,g2_pr,4,0.008527279839784439,0.09234327176239988,0.008527279839784439,0.09234327176239988
23,g2_pr,5,0.009978241362010263,0.09989114756578915,0.009978241362010263,0.09989114756578915
23,g2_pr,6,0.009918430608065267,0.0995913179351758,0.009918430608065267,0.0995913179351758
23,g2_pr,7,0.013926984509453177,0.11801264554891217,0.013926984509453177,0.11801264554891217
23,g2_pr,8,0.013170152270634259,0.11476128384884102,0.013170152270634259,0.11476128384884102
23,g2_pr,9,0.011997316706193877,0.109532263311747,0.011997316706193877,0.109532263311747
23,g2_pr,10,0.011231922843892659,0.10598076638660743,0.011231922843892659,0.10598076638660743
23,g3_pr,1,0.4631991032510996,0.6805873222820857,0.4631991032510996,0.6805873222820857
23,g3_pr,2,0.051396043106381385,0.22670695425235943,0.051396043106381385,0.22670695425235943
23,g3_pr,3,0.017858879374606267,0.13363711825165292,0.017858879374606267,0.13363711825165292
23,g3_pr,4,0.004854052793234587,0.06967103266950037,0.004854052793234587,0.06967103266950037
23,g3_pr,5,0.002692986890906468,0.051893996675015,0.002692986890906468,0.051893996675015
23,g3_pr,6,0.0016488332476001233,0.04060582775415523,0.0016488332476001233,0.04060582775415523
23,g3_pr,7,0.001106810724845023,0.03326876500330337,0.001106810724845023,0.03326876500330337
23,g3_pr,8,0.0011384874815121293,0.033741480132207145,0.0011384874815121293,0.033741480132207145
23,g3_pr,9,0.001100810882884876,0.03317847017095387,0.001100810882884876,0.03317847017095387
23,g3_pr,10,0.0014782161950798972,0.038447577232901126,0.0014782161950798972,0.038447577232901126
23,g4_pr_perc_sum,1,0.37318284649934086,0.610886934300727,0.37318284649934086,0.610886934300727
23,g4_pr_perc_sum,2,0.07819587038829923,0.2796352452540617,0.07819587038829923,0.2796352452540617
23,g4_pr_perc_sum,3,0.032173404203993936,0.17936946285249877,0.032173404203993936,0.17936946285249877
23,g4_pr_perc_sum,4,0.023183922050520778,0.15226267451519684,0.023183922050520778,0.15226267451519684
23,g4_pr_perc_sum,5,0.015596828465017356,0.1248872630215642,0.015596828465017356,0.1248872630215642
23,g4_pr_perc_sum,6,0.01437970538557108,0.11991540929159639,0.01437970538557108,0.11991540929159639
23,g4_pr_perc_sum,7,0.012349056179768272,0.1111263073253506,0.012349056179768272,0.1111263073253506
23,g4_pr_perc_sum,8,0.01339916542305478,0.11575476414841326,0.01339916542305478,0.11575476414841326
23,g4_pr_perc_sum,9,0.013942157733254135,0.1180769144805797,0.013942157733254135,0.1180769144805797
23,g4_pr_perc_sum,10,0.02112063565956695,0.14532940397444336,0.02112063565956695,0.14532940397444336
